5.162E+1	-9.155E-3	3.479E-2	7.538E-2	1.340E-1
5.182E+1	-1.038E-2	3.448E-2	7.538E-2	1.331E-1
5.201E+1	-7.324E-3	3.510E-2	6.866E-2	1.346E-1
5.229E+1	-1.038E-2	3.815E-2	6.989E-2	1.321E-1
5.249E+1	-9.766E-3	4.150E-2	7.446E-2	1.376E-1
5.268E+1	-7.324E-3	3.815E-2	7.355E-2	1.331E-1
5.287E+1	-1.160E-2	3.632E-2	6.653E-2	1.300E-1
5.306E+1	-6.714E-3	3.357E-2	6.744E-2	1.276E-1
5.325E+1	-9.155E-3	3.754E-2	6.165E-2	1.324E-1
5.344E+1	-1.221E-2	3.571E-2	6.378E-2	1.315E-1
5.362E+1	-1.038E-2	3.693E-2	6.744E-2	1.288E-1
5.381E+1	-1.007E-2	3.143E-2	6.500E-2	1.294E-1
5.408E+1	-1.221E-2	3.235E-2	6.683E-2	1.300E-1
5.426E+1	-1.373E-2	3.815E-2	6.226E-2	1.260E-1
5.444E+1	-9.460E-3	3.357E-2	6.287E-2	1.254E-1
5.462E+1	-1.099E-2	3.052E-2	6.775E-2	1.230E-1
5.488E+1	-1.343E-2	3.540E-2	6.378E-2	1.230E-1
5.505E+1	-1.404E-2	3.174E-2	6.409E-2	1.199E-1
5.523E+1	-1.007E-2	3.204E-2	6.409E-2	1.239E-1
5.540E+1	-1.007E-2	2.869E-2	6.104E-2	1.221E-1
5.566E+1	-1.434E-2	3.296E-2	6.561E-2	1.263E-1
5.584E+1	-1.160E-2	3.143E-2	5.981E-2	1.184E-1
5.601E+1	-1.526E-2	2.930E-2	6.042E-2	1.160E-1
5.626E+1	-1.373E-2	2.960E-2	6.134E-2	1.169E-1
5.643E+1	-1.221E-2	2.838E-2	6.104E-2	1.205E-1
5.660E+1	-1.343E-2	2.594E-2	6.073E-2	1.141E-1
5.685E+1	-1.251E-2	2.228E-2	5.951E-2	1.199E-1
5.701E+1	-1.038E-2	2.869E-2	5.798E-2	1.178E-1
5.718E+1	-1.068E-2	2.747E-2	5.859E-2	1.141E-1
5.743E+1	-1.221E-2	2.167E-2	5.829E-2	1.144E-1
5.759E+1	-1.312E-2	3.082E-2	5.310E-2	1.199E-1
5.783E+1	-1.343E-2	2.747E-2	5.280E-2	1.089E-1
5.800E+1	-1.129E-2	2.625E-2	5.554E-2	1.169E-1
5.824E+1	-1.373E-2	2.441E-2	5.463E-2	1.077E-1
5.840E+1	-1.373E-2	2.655E-2	5.493E-2	1.126E-1
5.864E+1	-1.831E-2	2.869E-2	4.913E-2	1.019E-1
5.880E+1	-1.587E-2	2.899E-2	5.798E-2	1.096E-1
5.897E+1	-1.343E-2	2.686E-2	5.585E-2	1.050E-1
5.920E+1	-1.343E-2	2.686E-2	5.432E-2	1.071E-1
5.942E+1	-1.434E-2	2.594E-2	5.890E-2	1.068E-1
5.959E+1	-1.404E-2	2.838E-2	5.676E-2	1.050E-1
5.982E+1	-1.709E-2	2.075E-2	5.157E-2	1.028E-1
5.997E+1	-1.495E-2	2.411E-2	4.944E-2	1.071E-1
6.019E+1	-1.434E-2	2.045E-2	5.127E-2	1.047E-1
6.035E+1	-1.740E-2	2.319E-2	4.791E-2	1.056E-1
6.058E+1	-1.617E-2	2.625E-2	4.883E-2	9.918E-2
6.080E+1	-2.014E-2	2.380E-2	4.639E-2	1.001E-1
6.096E+1	-1.434E-2	2.136E-2	4.486E-2	1.010E-1
6.118E+1	-1.221E-2	1.923E-2	5.035E-2	1.031E-1
6.134E+1	-1.709E-2	1.984E-2	4.791E-2	9.857E-2
6.156E+1	-1.801E-2	2.350E-2	4.425E-2	1.074E-1
6.179E+1	-1.495E-2	2.289E-2	4.791E-2	1.016E-1
6.195E+1	-1.953E-2	1.862E-2	5.005E-2	9.918E-2
6.217E+1	-1.678E-2	2.197E-2	4.333E-2	1.041E-1
6.239E+1	-1.587E-2	1.953E-2	4.639E-2	9.918E-2
6.254E+1	-1.831E-2	1.801E-2	4.395E-2	9.338E-2
6.277E+1	-1.648E-2	1.892E-2	4.791E-2	9.521E-2
6.299E+1	-1.617E-2	2.319E-2	4.333E-2	9.094E-2
6.313E+1	-1.984E-2	2.106E-2	4.364E-2	9.674E-2
6.335E+1	-1.831E-2	1.678E-2	4.303E-2	8.972E-2
6.356E+1	-2.411E-2	2.075E-2	4.364E-2	9.674E-2
6.378E+1	-1.770E-2	1.251E-2	4.700E-2	9.338E-2
6.392E+1	-1.434E-2	1.587E-2	4.517E-2	9.216E-2
6.413E+1	-1.923E-2	2.045E-2	3.571E-2	9.369E-2
6.434E+1	-1.923E-2	1.801E-2	3.967E-2	8.728E-2
6.456E+1	-2.167E-2	1.953E-2	4.150E-2	8.850E-2
6.476E+1	-2.045E-2	1.740E-2	4.456E-2	8.789E-2
6.496E+1	-1.709E-2	1.862E-2	4.272E-2	8.698E-2
6.511E+1	-1.373E-2	1.709E-2	4.059E-2	9.247E-2
6.532E+1	-2.258E-2	1.678E-2	3.754E-2	8.789E-2
6.552E+1	-1.923E-2	1.648E-2	4.303E-2	8.698E-2
6.572E+1	-1.434E-2	1.892E-2	3.998E-2	8.453E-2
6.593E+1	-1.648E-2	1.465E-2	4.028E-2	8.820E-2
6.614E+1	-2.258E-2	1.556E-2	3.387E-2	8.667E-2
6.633E+1	-2.045E-2	1.984E-2	3.418E-2	8.514E-2
6.654E+1	-1.740E-2	1.709E-2	3.571E-2	8.331E-2
6.674E+1	-1.709E-2	1.617E-2	3.693E-2	8.209E-2
6.694E+1	-1.678E-2	1.221E-2	3.448E-2	7.874E-2
6.713E+1	-2.075E-2	1.984E-2	3.632E-2	8.118E-2
6.733E+1	-1.678E-2	1.434E-2	3.876E-2	8.392E-2
6.753E+1	-1.923E-2	1.434E-2	3.479E-2	8.484E-2
6.773E+1	-1.678E-2	1.190E-2	3.265E-2	7.935E-2
6.793E+1	-2.075E-2	1.434E-2	3.357E-2	8.118E-2
6.812E+1	-1.923E-2	1.404E-2	3.662E-2	8.118E-2
6.832E+1	-1.617E-2	1.251E-2	3.784E-2	8.331E-2
6.852E+1	-2.228E-2	1.404E-2	3.357E-2	8.026E-2
6.871E+1	-2.167E-2	1.282E-2	3.021E-2	7.599E-2
6.890E+1	-1.984E-2	1.556E-2	3.143E-2	7.874E-2
6.909E+1	-1.770E-2	1.617E-2	2.777E-2	8.087E-2
6.934E+1	-2.167E-2	1.312E-2	3.143E-2	8.118E-2
6.953E+1	-1.923E-2	1.404E-2	2.747E-2	8.026E-2
6.971E+1	-2.289E-2	1.495E-2	3.113E-2	7.812E-2
6.990E+1	-1.923E-2	1.465E-2	3.510E-2	7.874E-2
7.009E+1	-1.740E-2	1.251E-2	3.143E-2	7.599E-2
7.027E+1	-1.678E-2	1.251E-2	3.113E-2	8.209E-2
7.052E+1	-1.770E-2	1.129E-2	3.326E-2	7.385E-2
7.070E+1	-2.045E-2	1.526E-2	3.235E-2	7.812E-2
7.089E+1	-2.014E-2	1.617E-2	2.930E-2	7.965E-2
7.107E+1	-2.045E-2	1.373E-2	3.021E-2	7.874E-2
7.131E+1	-2.014E-2	1.221E-2	3.052E-2	7.263E-2
7.149E+1	-2.106E-2	1.007E-2	3.052E-2	7.233E-2
7.168E+1	-2.014E-2	1.007E-2	2.136E-2	7.568E-2
7.191E+1	-2.350E-2	1.709E-2	2.441E-2	7.599E-2
7.209E+1	-1.953E-2	1.007E-2	2.991E-2	6.927E-2
7.227E+1	-2.258E-2	8.545E-3	2.563E-2	6.409E-2
7.251E+1	-2.167E-2	1.007E-2	2.686E-2	6.805E-2
7.269E+1	-1.770E-2	9.766E-3	2.655E-2	7.111E-2
7.286E+1	-2.258E-2	8.545E-3	2.808E-2	6.775E-2
7.310E+1	-1.617E-2	6.714E-3	3.021E-2	6.561E-2
7.328E+1	-2.228E-2	9.155E-3	3.052E-2	6.561E-2
7.346E+1	-2.045E-2	9.155E-3	2.563E-2	6.500E-2
7.369E+1	-2.258E-2	7.019E-3	2.411E-2	6.561E-2
7.387E+1	-2.472E-2	1.038E-2	2.441E-2	6.561E-2
7.404E+1	-2.106E-2	9.155E-3	2.930E-2	6.470E-2
7.428E+1	-2.350E-2	8.850E-3	2.228E-2	6.409E-2
7.445E+1	-2.594E-2	1.434E-2	2.838E-2	6.500E-2
7.468E+1	-1.801E-2	7.935E-3	2.197E-2	6.500E-2
7.486E+1	-1.892E-2	1.007E-2	2.625E-2	6.409E-2
7.509E+1	-1.892E-2	9.155E-3	2.533E-2	6.500E-2
7.526E+1	-2.197E-2	9.460E-3	2.045E-2	6.622E-2
7.548E+1	-2.533E-2	6.714E-3	2.350E-2	6.012E-2
7.565E+1	-1.923E-2	6.714E-3	2.167E-2	6.042E-2
7.588E+1	-1.831E-2	5.493E-3	1.709E-2	6.409E-2
7.605E+1	-2.289E-2	6.409E-3	1.831E-2	5.829E-2
7.627E+1	-2.563E-2	3.662E-3	1.892E-2	5.768E-2
7.644E+1	-2.869E-2	6.104E-3	1.862E-2	5.859E-2
7.667E+1	-2.563E-2	7.019E-3	1.038E-2	5.707E-2
7.684E+1	-2.472E-2	5.798E-3	1.404E-2	6.104E-2
7.705E+1	-1.892E-2	5.188E-3	2.289E-2	5.737E-2
7.727E+1	-2.106E-2	4.578E-3	1.984E-2	5.219E-2
7.744E+1	-2.411E-2	2.441E-3	1.709E-2	5.798E-2
7.767E+1	-2.319E-2	8.545E-3	1.709E-2	5.920E-2
7.783E+1	-2.441E-2	8.240E-3	2.014E-2	5.585E-2
7.805E+1	-2.411E-2	6.409E-3	2.106E-2	5.463E-2
7.827E+1	-2.319E-2	9.766E-3	1.892E-2	5.646E-2
7.843E+1	-2.289E-2	6.104E-3	1.465E-2	5.768E-2
7.865E+1	-2.686E-2	4.578E-3	1.373E-2	5.188E-2
7.882E+1	-2.350E-2	7.019E-3	1.862E-2	5.249E-2
7.903E+1	-2.136E-2	5.188E-3	1.678E-2	4.913E-2
7.925E+1	-2.502E-2	4.883E-3	1.129E-2	5.219E-2
7.941E+1	-2.228E-2	2.136E-3	1.740E-2	5.249E-2
7.963E+1	-2.014E-2	4.272E-3	1.282E-2	5.432E-2
7.984E+1	-2.411E-2	7.935E-3	1.343E-2	5.493E-2
8.006E+1	-2.716E-2	5.493E-3	1.373E-2	5.524E-2
8.022E+1	-2.258E-2	5.188E-3	1.678E-2	5.127E-2
8.043E+1	-2.380E-2	6.714E-3	1.312E-2	5.615E-2
8.064E+1	-2.319E-2	1.007E-2	1.038E-2	5.096E-2
8.086E+1	-2.502E-2	5.188E-3	1.465E-2	4.883E-2
8.101E+1	-1.984E-2	7.019E-3	1.709E-2	5.280E-2
8.122E+1	-2.289E-2	3.052E-3	2.075E-2	4.822E-2
8.143E+1	-2.625E-2	3.662E-3	1.862E-2	4.730E-2
8.164E+1	-2.380E-2	6.104E-3	1.648E-2	4.578E-2
8.184E+1	-2.716E-2	7.629E-3	1.282E-2	5.035E-2
8.205E+1	-2.228E-2	6.714E-3	1.923E-2	5.249E-2
8.221E+1	-2.930E-2	2.441E-3	1.587E-2	4.730E-2
8.241E+1	-2.258E-2	3.967E-3	1.221E-2	4.639E-2
8.261E+1	-2.441E-2	7.629E-3	1.465E-2	4.913E-2
8.282E+1	-2.655E-2	7.324E-3	1.495E-2	4.486E-2
8.303E+1	-2.319E-2	3.662E-3	1.678E-2	4.669E-2
8.323E+1	-2.563E-2	-6.104E-4	1.221E-2	4.639E-2
8.343E+1	-2.289E-2	5.493E-3	1.556E-2	4.761E-2
8.364E+1	-2.197E-2	6.104E-3	1.007E-2	4.639E-2
8.379E+1	-2.411E-2	3.052E-3	1.312E-2	5.127E-2
8.399E+1	-2.258E-2	4.578E-3	1.282E-2	5.066E-2
8.420E+1	-2.899E-2	3.662E-3	1.068E-2	4.425E-2
8.440E+1	-2.625E-2	5.493E-3	1.373E-2	3.662E-2
8.460E+1	-2.319E-2	4.578E-3	1.312E-2	4.547E-2
8.480E+1	-2.808E-2	5.798E-3	1.465E-2	4.456E-2
8.500E+1	-2.441E-2	4.883E-3	1.556E-2	4.822E-2
8.520E+1	-2.838E-2	4.883E-3	9.460E-3	3.967E-2
8.541E+1	-2.350E-2	2.136E-3	1.495E-2	3.998E-2
8.561E+1	-2.533E-2	2.136E-3	1.343E-2	4.150E-2
8.581E+1	-2.594E-2	1.831E-3	1.526E-2	3.906E-2
8.601E+1	-2.350E-2	3.662E-3	7.324E-3	3.662E-2
8.621E+1	-2.441E-2	1.831E-3	8.850E-3	3.723E-2
8.641E+1	-2.502E-2	3.052E-3	8.850E-3	4.364E-2
8.661E+1	-2.380E-2	4.578E-3	9.155E-3	3.937E-2
8.681E+1	-2.319E-2	4.883E-3	1.068E-2	4.333E-2
8.700E+1	-2.472E-2	5.493E-3	1.007E-2	4.181E-2
8.720E+1	-2.777E-2	3.052E-3	3.052E-3	3.815E-2
8.739E+1	-2.502E-2	6.714E-3	6.714E-3	4.059E-2
8.759E+1	-2.625E-2	3.662E-3	7.019E-3	3.448E-2
8.778E+1	-2.350E-2	3.967E-3	7.935E-3	3.937E-2
8.802E+1	-2.380E-2	2.441E-3	6.104E-3	4.028E-2
8.821E+1	-2.380E-2	5.798E-3	4.883E-3	4.150E-2
8.840E+1	-2.747E-2	-1.221E-3	1.099E-2	3.815E-2
8.860E+1	-2.625E-2	4.272E-3	1.099E-2	3.876E-2
8.879E+1	-3.113E-2	5.188E-3	8.850E-3	3.967E-2
8.898E+1	-2.960E-2	6.104E-4	7.324E-3	3.571E-2
8.917E+1	-2.411E-2	2.747E-3	8.850E-3	3.387E-2
8.940E+1	-2.716E-2	2.441E-3	1.221E-2	3.357E-2
8.959E+1	-2.502E-2	2.441E-3	6.714E-3	3.784E-2
8.978E+1	-2.228E-2	-1.221E-3	7.324E-3	3.540E-2
8.997E+1	-2.075E-2	2.441E-3	1.007E-2	3.265E-2
9.020E+1	-2.625E-2	3.662E-3	9.766E-3	4.028E-2
9.039E+1	-2.655E-2	-6.104E-4	8.850E-3	4.059E-2
9.058E+1	-2.716E-2	2.747E-3	8.545E-3	3.723E-2
9.077E+1	-2.380E-2	2.136E-3	1.099E-2	3.571E-2
9.100E+1	-2.563E-2	2.136E-3	6.714E-3	3.326E-2
9.119E+1	-2.747E-2	3.662E-3	9.766E-3	3.387E-2
9.138E+1	-2.167E-2	2.136E-3	8.240E-3	3.571E-2
9.156E+1	-2.441E-2	4.578E-3	1.221E-3	4.211E-2
9.179E+1	-2.411E-2	9.155E-4	3.052E-3	4.089E-2
9.198E+1	-2.930E-2	2.747E-3	4.272E-3	3.601E-2
9.217E+1	-2.655E-2	1.831E-3	8.545E-3	3.418E-2
9.235E+1	-2.747E-2	2.136E-3	2.136E-3	3.235E-2
9.259E+1	-2.289E-2	2.747E-3	-9.155E-4	3.265E-2
9.277E+1	-2.411E-2	2.441E-3	3.967E-3	3.754E-2
9.295E+1	-2.380E-2	2.747E-3	7.324E-3	3.662E-2
9.318E+1	-2.411E-2	3.052E-4	7.935E-3	3.632E-2
9.337E+1	-2.838E-2	3.052E-4	3.967E-3	3.510E-2
9.360E+1	-2.502E-2	3.967E-3	4.883E-3	3.357E-2
9.378E+1	-2.533E-2	2.441E-3	4.883E-3	2.991E-2
9.396E+1	-2.777E-2	2.747E-3	1.831E-3	2.899E-2
9.418E+1	-2.533E-2	3.357E-3	9.155E-3	3.510E-2
9.436E+1	-3.143E-2	3.052E-4	4.578E-3	3.296E-2
9.459E+1	-2.533E-2	2.136E-3	3.052E-3	3.693E-2
9.476E+1	-1.953E-2	-1.526E-3	5.798E-3	3.204E-2
9.499E+1	-2.777E-2	4.272E-3	2.136E-3	3.906E-2
9.517E+1	-2.563E-2	1.526E-3	7.019E-3	2.625E-2
9.535E+1	-2.289E-2	3.967E-3	3.052E-3	2.594E-2
9.557E+1	-2.502E-2	2.747E-3	5.798E-3	2.838E-2
9.575E+1	-2.563E-2	-6.104E-4	3.967E-3	2.899E-2
9.597E+1	-2.625E-2	9.155E-4	1.099E-2	2.625E-2
9.615E+1	-2.625E-2	1.831E-3	1.251E-2	2.869E-2
9.637E+1	-2.777E-2	2.441E-3	7.629E-3	2.838E-2
9.655E+1	-2.655E-2	-6.104E-4	5.188E-3	2.655E-2
9.677E+1	-3.235E-2	-3.662E-3	3.662E-3	3.052E-2
9.695E+1	-2.930E-2	-6.104E-4	2.441E-3	3.174E-2
9.717E+1	-2.594E-2	3.052E-3	1.007E-2	3.052E-2
9.735E+1	-2.380E-2	6.104E-4	8.545E-3	2.991E-2
9.757E+1	-2.625E-2	-9.155E-4	9.155E-3	3.296E-2
9.774E+1	-2.686E-2	3.052E-4	4.883E-3	3.204E-2
9.796E+1	-2.930E-2	3.967E-3	8.240E-3	3.143E-2
9.814E+1	-2.869E-2	3.357E-3	5.493E-3	3.326E-2
9.836E+1	-2.472E-2	-1.221E-3	5.188E-3	2.930E-2
9.853E+1	-2.808E-2	-1.526E-3	9.155E-3	2.625E-2
9.875E+1	-2.411E-2	3.662E-3	4.272E-3	2.899E-2
9.897E+1	-2.441E-2	2.136E-3	3.967E-3	2.869E-2
9.914E+1	-2.960E-2	2.747E-3	3.052E-3	2.777E-2
9.936E+1	-2.197E-2	-6.104E-4	3.967E-3	2.441E-2
9.953E+1	-3.113E-2	6.104E-4	2.747E-3	1.953E-2
9.975E+1	-2.686E-2	3.052E-4	3.662E-3	2.655E-2
9.996E+1	-2.808E-2	-1.221E-3	2.136E-3	2.106E-2
1.001E+2	-2.747E-2	2.747E-3	5.798E-3	2.930E-2
1.003E+2	-2.655E-2	1.831E-3	3.357E-3	2.838E-2
1.006E+2	-2.747E-2	1.221E-3	-1.221E-3	2.472E-2
1.008E+2	-2.380E-2	-2.747E-3	1.221E-3	2.411E-2
1.010E+2	-2.716E-2	9.155E-4	-3.052E-4	2.625E-2
1.011E+2	-2.502E-2	3.052E-3	6.104E-4	2.777E-2
1.013E+2	-2.106E-2	3.662E-3	3.357E-3	2.045E-2
1.016E+2	-2.686E-2	3.052E-3	3.052E-4	2.533E-2
1.018E+2	-2.808E-2	1.526E-3	2.747E-3	2.594E-2
1.019E+2	-2.838E-2	-2.136E-3	3.357E-3	1.709E-2
1.021E+2	-2.747E-2	9.155E-4	6.104E-3	2.350E-2
1.023E+2	-2.289E-2	-6.104E-4	2.136E-3	2.380E-2
1.025E+2	-2.563E-2	-3.357E-3	5.188E-3	2.319E-2
1.028E+2	-2.808E-2	2.747E-3	4.272E-3	2.899E-2
1.030E+2	-2.533E-2	3.662E-3	-1.831E-3	2.472E-2
1.031E+2	-2.228E-2	9.155E-4	-6.104E-4	2.899E-2
1.033E+2	-2.625E-2	2.747E-3	-3.052E-3	2.594E-2
1.035E+2	-2.747E-2	-6.104E-4	3.052E-4	2.075E-2
1.038E+2	-2.899E-2	1.526E-3	6.104E-4	3.082E-2
1.039E+2	-3.021E-2	-1.221E-3	1.221E-3	2.045E-2
1.041E+2	-2.960E-2	6.104E-4	5.493E-3	2.228E-2
1.044E+2	-2.533E-2	3.052E-4	4.272E-3	2.289E-2
1.046E+2	-2.838E-2	-4.578E-3	-3.052E-4	2.197E-2
1.047E+2	-2.838E-2	0.000E+0	-1.221E-3	2.472E-2
1.049E+2	-2.869E-2	-2.441E-3	9.155E-4	2.838E-2
1.051E+2	-2.686E-2	-1.831E-3	-6.104E-4	1.923E-2
1.053E+2	-2.655E-2	-2.136E-3	-9.155E-4	2.289E-2
1.055E+2	-2.777E-2	0.000E+0	6.104E-3	2.289E-2
1.057E+2	-2.930E-2	1.831E-3	1.831E-3	2.411E-2
1.059E+2	-2.686E-2	3.357E-3	3.052E-3	2.502E-2
1.061E+2	-3.265E-2	1.526E-3	1.221E-3	2.533E-2
1.063E+2	-2.716E-2	-5.493E-3	2.747E-3	2.380E-2
1.065E+2	-3.052E-2	2.136E-3	-4.578E-3	2.716E-2
1.068E+2	-2.808E-2	9.155E-4	5.188E-3	2.502E-2
1.069E+2	-2.808E-2	2.441E-3	0.000E+0	2.563E-2
1.071E+2	-2.838E-2	-6.104E-4	3.357E-3	2.869E-2
1.073E+2	-2.808E-2	1.221E-3	4.883E-3	3.204E-2
1.075E+2	-2.899E-2	3.052E-4	3.052E-3	2.502E-2
1.077E+2	-2.686E-2	3.052E-3	2.747E-3	3.387E-2
1.079E+2	-2.533E-2	1.221E-3	5.798E-3	2.014E-2
1.081E+2	-3.235E-2	-2.747E-3	5.493E-3	2.258E-2
1.083E+2	-2.777E-2	3.052E-4	1.221E-3	2.533E-2
1.085E+2	-3.204E-2	6.714E-3	6.104E-4	2.289E-2
1.087E+2	-3.296E-2	1.831E-3	-6.104E-4	2.319E-2
1.089E+2	-2.808E-2	-6.104E-4	2.136E-3	3.326E-2
1.091E+2	-3.113E-2	6.104E-4	9.155E-4	2.319E-2
1.093E+2	-2.869E-2	1.526E-3	6.104E-3	2.747E-2
1.095E+2	-2.594E-2	-2.136E-3	3.662E-3	1.984E-2
1.097E+2	-2.991E-2	3.662E-3	4.578E-3	2.502E-2
1.099E+2	-3.143E-2	-2.441E-3	0.000E+0	2.533E-2
1.101E+2	-2.594E-2	2.441E-3	-3.662E-3	2.502E-2
1.103E+2	-2.960E-2	-3.357E-3	3.967E-3	2.869E-2
1.105E+2	-2.747E-2	1.526E-3	6.104E-4	2.502E-2
1.107E+2	-2.655E-2	-1.221E-3	2.441E-3	2.350E-2
1.109E+2	-2.533E-2	3.052E-3	4.578E-3	2.594E-2
1.111E+2	-2.777E-2	-3.052E-4	4.578E-3	2.411E-2
1.113E+2	-3.082E-2	2.747E-3	-6.104E-4	2.686E-2
1.115E+2	-3.235E-2	6.104E-4	-3.052E-4	1.923E-2
1.118E+2	-3.143E-2	1.831E-3	3.967E-3	2.289E-2
1.119E+2	-2.716E-2	1.831E-3	-1.526E-3	2.747E-2
1.121E+2	-3.174E-2	-6.104E-4	4.883E-3	2.472E-2
1.123E+2	-3.204E-2	-1.526E-3	6.104E-3	2.838E-2
1.125E+2	-3.296E-2	-3.052E-4	-1.831E-3	2.502E-2
1.127E+2	-2.899E-2	9.155E-4	1.831E-3	3.082E-2
1.129E+2	-2.747E-2	-6.104E-4	7.629E-3	2.686E-2
1.131E+2	-2.930E-2	3.662E-3	3.357E-3	2.808E-2
1.133E+2	-2.869E-2	-3.662E-3	2.441E-3	2.228E-2
1.135E+2	-2.838E-2	-1.831E-3	6.104E-3	2.594E-2
1.137E+2	-2.777E-2	1.221E-3	9.155E-4	2.533E-2
1.139E+2	-2.899E-2	3.052E-4	3.357E-3	2.472E-2
1.141E+2	-3.052E-2	1.526E-3	1.221E-3	2.563E-2
1.143E+2	-3.204E-2	-2.441E-3	-2.441E-3	1.984E-2
1.145E+2	-2.777E-2	3.052E-4	3.662E-3	2.869E-2
1.147E+2	-3.021E-2	-3.052E-3	6.104E-3	2.258E-2
1.149E+2	-2.808E-2	3.052E-4	3.357E-3	2.838E-2
1.151E+2	-3.174E-2	-1.221E-3	9.766E-3	2.594E-2
1.153E+2	-3.174E-2	-1.221E-3	6.104E-4	2.319E-2
1.155E+2	-3.052E-2	1.221E-3	4.272E-3	2.380E-2
1.157E+2	-2.838E-2	1.221E-3	2.136E-3	2.167E-2
1.159E+2	-3.174E-2	-1.221E-3	-3.052E-4	1.953E-2
1.161E+2	-2.960E-2	-3.357E-3	6.104E-4	1.495E-2
1.163E+2	-2.930E-2	3.052E-4	0.000E+0	2.838E-2
1.165E+2	-2.808E-2	0.000E+0	-1.221E-3	2.289E-2
1.167E+2	-3.174E-2	1.221E-3	4.883E-3	3.113E-2
1.169E+2	-2.930E-2	-3.052E-3	6.714E-3	2.655E-2
1.171E+2	-2.747E-2	-3.662E-3	7.019E-3	2.472E-2
1.173E+2	-3.326E-2	-6.104E-4	5.188E-3	2.380E-2
1.175E+2	-3.693E-2	-3.052E-3	3.052E-4	2.319E-2
1.177E+2	-3.784E-2	-1.526E-3	4.883E-3	2.319E-2
1.179E+2	-3.113E-2	-9.155E-4	1.221E-3	2.441E-2
1.181E+2	-3.204E-2	9.155E-4	5.798E-3	2.533E-2
1.183E+2	-3.143E-2	-3.357E-3	5.493E-3	2.258E-2
1.185E+2	-3.479E-2	-7.324E-3	2.747E-3	2.960E-2
1.187E+2	-3.326E-2	6.104E-4	3.967E-3	2.686E-2
1.189E+2	-3.540E-2	-3.052E-4	5.493E-3	2.228E-2
1.191E+2	-3.357E-2	-2.136E-3	5.798E-3	2.411E-2
1.193E+2	-3.357E-2	1.221E-3	-3.052E-4	1.984E-2
1.195E+2	-3.113E-2	-4.272E-3	1.831E-3	1.678E-2
1.197E+2	-3.693E-2	-3.967E-3	3.052E-4	2.289E-2
1.199E+2	-3.662E-2	3.052E-4	5.798E-3	3.082E-2
1.201E+2	-3.601E-2	-2.136E-3	2.441E-3	3.052E-2
1.203E+2	-3.571E-2	2.747E-3	5.798E-3	3.113E-2
1.205E+2	-3.998E-2	-4.883E-3	3.967E-3	2.441E-2
1.207E+2	-3.876E-2	-3.662E-3	4.883E-3	2.380E-2
1.209E+2	-3.754E-2	-1.526E-3	6.104E-4	2.808E-2
1.211E+2	-4.059E-2	-4.578E-3	4.883E-3	2.075E-2
1.213E+2	-3.967E-2	-2.136E-3	2.136E-3	1.526E-2
1.215E+2	-3.937E-2	-3.357E-3	6.104E-4	2.197E-2
1.217E+2	-3.784E-2	-6.409E-3	2.747E-3	2.197E-2
1.219E+2	-4.272E-2	-4.578E-3	6.104E-4	2.625E-2
1.221E+2	-3.845E-2	-9.155E-4	1.831E-3	2.655E-2
1.223E+2	-3.784E-2	-1.831E-3	4.578E-3	2.319E-2
1.225E+2	-3.845E-2	-4.272E-3	7.324E-3	1.923E-2
1.227E+2	-3.906E-2	-1.831E-3	-1.221E-3	2.350E-2
1.229E+2	-3.754E-2	-1.221E-3	6.104E-4	2.289E-2
1.231E+2	-4.150E-2	-1.831E-3	2.136E-3	2.777E-2
1.233E+2	-3.906E-2	-3.357E-3	-3.662E-3	2.747E-2
1.235E+2	-4.211E-2	-3.662E-3	9.155E-4	2.319E-2
1.237E+2	-4.089E-2	-1.526E-3	3.357E-3	1.770E-2
1.239E+2	-4.120E-2	-2.136E-3	3.052E-4	2.899E-2
1.241E+2	-4.425E-2	-2.136E-3	-3.967E-3	2.045E-2
1.243E+2	-4.456E-2	-1.831E-3	3.967E-3	2.411E-2
1.245E+2	-4.303E-2	-4.883E-3	9.155E-4	2.533E-2
1.247E+2	-3.967E-2	-1.526E-3	2.747E-3	2.258E-2
1.249E+2	-4.639E-2	-3.967E-3	6.104E-4	2.014E-2
1.251E+2	-4.547E-2	-8.240E-3	9.155E-4	2.075E-2
1.253E+2	-4.608E-2	-5.493E-3	4.272E-3	1.740E-2
1.255E+2	-4.761E-2	-2.747E-3	2.136E-3	1.984E-2
1.257E+2	-5.005E-2	-5.493E-3	4.883E-3	2.136E-2
1.259E+2	-4.425E-2	-8.850E-3	-3.052E-4	2.228E-2
1.261E+2	-4.639E-2	-7.935E-3	1.221E-3	2.716E-2
1.263E+2	-4.669E-2	-9.460E-3	-3.052E-4	2.136E-2
1.265E+2	-4.669E-2	-6.104E-3	3.357E-3	2.502E-2
1.267E+2	-4.730E-2	-7.324E-3	2.747E-3	2.045E-2
1.269E+2	-4.730E-2	-8.545E-3	3.052E-4	2.625E-2
1.271E+2	-4.883E-2	-6.104E-3	-2.441E-3	1.495E-2
1.273E+2	-5.219E-2	-8.545E-3	-2.441E-3	1.801E-2
1.275E+2	-4.547E-2	-7.629E-3	-1.221E-3	2.197E-2
1.277E+2	-5.188E-2	-1.160E-2	-6.104E-4	1.984E-2
1.279E+2	-4.852E-2	-8.240E-3	6.104E-4	1.770E-2
1.281E+2	-5.829E-2	-8.850E-3	-5.798E-3	2.167E-2
1.283E+2	-5.341E-2	-1.007E-2	-2.441E-3	2.411E-2
1.285E+2	-5.280E-2	-1.404E-2	-4.272E-3	2.106E-2
1.287E+2	-5.768E-2	-7.324E-3	3.967E-3	2.045E-2
1.289E+2	-5.707E-2	-1.160E-2	-7.935E-3	2.258E-2
1.291E+2	-5.432E-2	-1.404E-2	-2.441E-3	1.801E-2
1.293E+2	-5.280E-2	-1.312E-2	-2.136E-3	1.862E-2
1.295E+2	-5.768E-2	-1.678E-2	-7.629E-3	2.502E-2
1.297E+2	-5.798E-2	-1.740E-2	-3.052E-3	2.258E-2
1.299E+2	-5.737E-2	-1.770E-2	-5.798E-3	2.075E-2
1.301E+2	-5.920E-2	-1.678E-2	-7.019E-3	1.923E-2
1.303E+2	-5.737E-2	-1.007E-2	-3.967E-3	2.716E-2
1.305E+2	-5.890E-2	-1.770E-2	-7.935E-3	2.075E-2
1.307E+2	-5.524E-2	-1.404E-2	-3.357E-3	2.258E-2
1.309E+2	-6.012E-2	-1.770E-2	-5.798E-3	1.526E-2
1.311E+2	-6.287E-2	-1.373E-2	-6.714E-3	1.801E-2
1.313E+2	-6.470E-2	-1.007E-2	-7.324E-3	2.075E-2
1.315E+2	-6.195E-2	-1.404E-2	-5.798E-3	1.953E-2
1.317E+2	-6.805E-2	-1.953E-2	-6.714E-3	1.648E-2
1.319E+2	-6.714E-2	-1.587E-2	-7.324E-3	1.770E-2
1.321E+2	-6.958E-2	-1.892E-2	-4.883E-3	1.892E-2
1.323E+2	-6.683E-2	-1.678E-2	-7.629E-3	2.350E-2
1.325E+2	-6.805E-2	-2.075E-2	-6.104E-3	1.984E-2
1.327E+2	-6.927E-2	-1.740E-2	-2.747E-3	2.258E-2
1.329E+2	-7.416E-2	-1.312E-2	-6.104E-3	1.984E-2
1.331E+2	-6.927E-2	-2.106E-2	-1.251E-2	1.099E-2
1.333E+2	-7.050E-2	-1.770E-2	-6.714E-3	1.312E-2
1.335E+2	-7.294E-2	-2.014E-2	-8.545E-3	1.892E-2
1.337E+2	-7.080E-2	-2.411E-2	-1.282E-2	2.045E-2
1.339E+2	-7.721E-2	-1.831E-2	-1.312E-2	1.282E-2
1.341E+2	-7.385E-2	-2.197E-2	-7.324E-3	1.526E-2
1.343E+2	-7.202E-2	-2.655E-2	-1.160E-2	1.648E-2
1.345E+2	-7.629E-2	-1.862E-2	-1.251E-2	1.648E-2
1.347E+2	-7.294E-2	-2.380E-2	-1.282E-2	1.556E-2
1.349E+2	-7.599E-2	-2.380E-2	-1.190E-2	1.617E-2
1.351E+2	-7.751E-2	-2.411E-2	-1.556E-2	1.129E-2
1.353E+2	-7.874E-2	-2.289E-2	-1.495E-2	7.629E-3
1.355E+2	-7.446E-2	-2.930E-2	-1.556E-2	9.460E-3
1.357E+2	-8.057E-2	-2.472E-2	-1.862E-2	1.831E-2
1.359E+2	-8.026E-2	-2.808E-2	-1.617E-2	1.434E-2
1.361E+2	-8.118E-2	-2.991E-2	-1.221E-2	1.373E-2
1.363E+2	-8.087E-2	-2.869E-2	-1.801E-2	1.587E-2
1.365E+2	-8.667E-2	-3.082E-2	-1.801E-2	1.038E-2
1.367E+2	-8.118E-2	-3.296E-2	-1.404E-2	1.221E-2
1.369E+2	-8.148E-2	-3.326E-2	-1.953E-2	1.038E-2
1.371E+2	-8.057E-2	-3.326E-2	-1.801E-2	1.495E-2
1.373E+2	-8.118E-2	-3.632E-2	-2.014E-2	1.312E-2
1.375E+2	-8.301E-2	-3.387E-2	-2.350E-2	1.617E-2
1.377E+2	-8.667E-2	-3.418E-2	-1.740E-2	5.188E-3
1.379E+2	-8.789E-2	-3.510E-2	-2.319E-2	1.099E-2
1.381E+2	-8.606E-2	-3.540E-2	-1.678E-2	1.373E-2
1.383E+2	-8.514E-2	-3.479E-2	-1.617E-2	1.282E-2
1.385E+2	-8.484E-2	-3.662E-2	-1.678E-2	1.190E-2
1.387E+2	-8.667E-2	-3.662E-2	-2.380E-2	9.460E-3
1.389E+2	-8.759E-2	-3.723E-2	-2.228E-2	8.850E-3
1.391E+2	-8.575E-2	-3.662E-2	-2.380E-2	1.007E-2
1.393E+2	-8.698E-2	-3.876E-2	-2.319E-2	7.019E-3
1.395E+2	-8.698E-2	-3.906E-2	-2.838E-2	9.460E-3
1.397E+2	-8.881E-2	-4.456E-2	-2.319E-2	8.545E-3
1.399E+2	-8.820E-2	-3.937E-2	-2.411E-2	7.019E-3
1.401E+2	-9.155E-2	-4.517E-2	-2.563E-2	1.129E-2
1.403E+2	-9.369E-2	-4.639E-2	-2.289E-2	2.747E-3
1.405E+2	-9.247E-2	-4.211E-2	-2.686E-2	7.324E-3
1.407E+2	-9.277E-2	-4.578E-2	-2.686E-2	4.272E-3
1.409E+2	-8.942E-2	-4.578E-2	-3.204E-2	6.714E-3
1.411E+2	-9.399E-2	-4.761E-2	-3.143E-2	5.188E-3
1.413E+2	-9.430E-2	-4.639E-2	-3.082E-2	4.883E-3
1.415E+2	-8.911E-2	-4.547E-2	-3.021E-2	4.578E-3
1.417E+2	-9.338E-2	-5.157E-2	-3.357E-2	7.324E-3
1.419E+2	-9.338E-2	-5.096E-2	-2.960E-2	-3.967E-3
1.421E+2	-8.911E-2	-4.944E-2	-3.143E-2	4.883E-3
1.423E+2	-9.277E-2	-5.524E-2	-3.082E-2	3.967E-3
1.425E+2	-9.094E-2	-5.035E-2	-3.571E-2	5.493E-3
1.427E+2	-9.064E-2	-5.127E-2	-3.906E-2	2.441E-3
1.429E+2	-9.308E-2	-5.676E-2	-3.632E-2	6.104E-4
1.431E+2	-9.094E-2	-5.280E-2	-3.418E-2	2.441E-3
1.433E+2	-8.820E-2	-5.432E-2	-3.540E-2	5.188E-3
1.435E+2	-8.850E-2	-4.913E-2	-3.326E-2	3.357E-3
1.437E+2	-9.308E-2	-5.463E-2	-3.326E-2	4.578E-3
1.439E+2	-9.613E-2	-5.432E-2	-4.303E-2	-9.155E-4
1.441E+2	-8.789E-2	-5.798E-2	-3.601E-2	4.272E-3
1.443E+2	-8.820E-2	-5.646E-2	-4.395E-2	3.357E-3
1.445E+2	-9.308E-2	-6.104E-2	-4.059E-2	-6.104E-4
1.447E+2	-8.972E-2	-5.615E-2	-3.998E-2	3.052E-4
1.449E+2	-9.033E-2	-5.463E-2	-4.242E-2	-3.052E-3
1.451E+2	-9.003E-2	-6.531E-2	-3.998E-2	-5.493E-3
1.453E+2	-8.942E-2	-5.951E-2	-4.211E-2	-1.099E-2
1.455E+2	-8.850E-2	-6.439E-2	-4.059E-2	-7.019E-3
1.457E+2	-8.392E-2	-5.920E-2	-4.333E-2	-6.104E-3
1.458E+2	-9.033E-2	-5.646E-2	-4.700E-2	-1.373E-2
1.461E+2	-8.911E-2	-6.317E-2	-4.578E-2	-1.251E-2
1.462E+2	-8.636E-2	-6.256E-2	-4.456E-2	-3.357E-3
1.464E+2	-8.575E-2	-6.287E-2	-5.035E-2	-8.850E-3
1.466E+2	-8.301E-2	-6.317E-2	-4.517E-2	-9.155E-3
1.469E+2	-7.843E-2	-6.378E-2	-4.700E-2	-8.545E-3
1.471E+2	-8.301E-2	-6.439E-2	-4.852E-2	-1.556E-2
1.473E+2	-7.965E-2	-5.920E-2	-4.730E-2	-1.190E-2
1.475E+2	-8.179E-2	-6.226E-2	-5.096E-2	-6.714E-3
1.477E+2	-7.874E-2	-6.134E-2	-5.646E-2	-1.862E-2
1.479E+2	-7.690E-2	-6.165E-2	-4.700E-2	-1.312E-2
1.481E+2	-7.751E-2	-6.683E-2	-4.913E-2	-1.678E-2
1.482E+2	-8.301E-2	-6.561E-2	-5.096E-2	-1.587E-2
1.485E+2	-8.026E-2	-6.378E-2	-5.249E-2	-1.862E-2
1.487E+2	-7.721E-2	-6.653E-2	-5.157E-2	-1.434E-2
1.489E+2	-7.629E-2	-6.226E-2	-5.432E-2	-1.556E-2
1.491E+2	-7.355E-2	-6.683E-2	-6.134E-2	-1.648E-2
1.493E+2	-7.690E-2	-6.439E-2	-5.280E-2	-1.831E-2
1.495E+2	-7.416E-2	-6.439E-2	-5.615E-2	-2.228E-2
1.497E+2	-7.538E-2	-6.592E-2	-5.463E-2	-2.594E-2
1.499E+2	-7.050E-2	-6.714E-2	-5.402E-2	-1.831E-2
1.501E+2	-6.927E-2	-6.714E-2	-5.951E-2	-1.892E-2
1.502E+2	-6.714E-2	-6.561E-2	-6.104E-2	-2.136E-2
1.505E+2	-7.019E-2	-6.073E-2	-5.554E-2	-1.953E-2
1.507E+2	-7.141E-2	-6.714E-2	-5.920E-2	-2.350E-2
1.509E+2	-6.714E-2	-5.585E-2	-6.226E-2	-1.862E-2
1.511E+2	-6.683E-2	-6.195E-2	-6.409E-2	-2.350E-2
1.513E+2	-7.050E-2	-6.622E-2	-5.951E-2	-2.502E-2
1.515E+2	-6.317E-2	-5.920E-2	-6.226E-2	-2.075E-2
1.517E+2	-6.256E-2	-6.256E-2	-5.768E-2	-2.930E-2
1.518E+2	-6.104E-2	-6.287E-2	-6.134E-2	-2.747E-2
1.520E+2	-6.134E-2	-6.165E-2	-6.653E-2	-2.808E-2
1.523E+2	-5.829E-2	-6.500E-2	-6.470E-2	-3.418E-2
1.525E+2	-5.341E-2	-6.775E-2	-6.409E-2	-2.563E-2
1.526E+2	-5.646E-2	-6.195E-2	-6.317E-2	-3.204E-2
1.528E+2	-5.707E-2	-6.042E-2	-6.409E-2	-2.960E-2
1.530E+2	-5.768E-2	-6.744E-2	-6.439E-2	-2.716E-2
1.533E+2	-5.859E-2	-6.042E-2	-6.470E-2	-3.021E-2
1.534E+2	-5.615E-2	-6.226E-2	-6.256E-2	-3.021E-2
1.536E+2	-5.432E-2	-6.317E-2	-6.561E-2	-3.601E-2
1.538E+2	-5.127E-2	-6.195E-2	-7.111E-2	-3.632E-2
1.541E+2	-4.852E-2	-6.012E-2	-6.134E-2	-3.510E-2
1.542E+2	-4.730E-2	-5.768E-2	-6.226E-2	-3.632E-2
1.544E+2	-5.096E-2	-5.798E-2	-6.866E-2	-3.296E-2
1.546E+2	-4.822E-2	-5.676E-2	-6.805E-2	-3.052E-2
1.548E+2	-4.669E-2	-5.707E-2	-6.226E-2	-3.479E-2
1.551E+2	-4.700E-2	-5.402E-2	-6.958E-2	-3.479E-2
1.552E+2	-4.517E-2	-5.646E-2	-6.744E-2	-4.089E-2
1.554E+2	-4.547E-2	-5.157E-2	-6.805E-2	-4.150E-2
1.557E+2	-4.639E-2	-5.554E-2	-6.744E-2	-3.906E-2
1.559E+2	-4.517E-2	-5.829E-2	-6.653E-2	-4.517E-2
1.561E+2	-4.181E-2	-5.463E-2	-6.470E-2	-4.364E-2
1.562E+2	-4.089E-2	-5.371E-2	-6.683E-2	-3.510E-2
1.564E+2	-3.784E-2	-4.700E-2	-6.256E-2	-4.150E-2
1.566E+2	-4.028E-2	-4.822E-2	-7.019E-2	-4.028E-2
1.568E+2	-4.181E-2	-4.852E-2	-6.836E-2	-4.669E-2
1.570E+2	-3.754E-2	-4.517E-2	-6.714E-2	-4.364E-2
1.572E+2	-4.150E-2	-5.127E-2	-6.531E-2	-3.662E-2
1.574E+2	-3.693E-2	-4.486E-2	-6.653E-2	-4.272E-2
1.576E+2	-3.754E-2	-4.883E-2	-6.653E-2	-4.761E-2
1.578E+2	-3.937E-2	-4.547E-2	-6.470E-2	-3.906E-2
1.580E+2	-3.326E-2	-3.937E-2	-6.653E-2	-4.150E-2
1.582E+2	-3.418E-2	-4.669E-2	-6.409E-2	-4.333E-2
1.584E+2	-3.418E-2	-4.150E-2	-6.104E-2	-4.761E-2
1.586E+2	-3.174E-2	-4.028E-2	-6.439E-2	-4.089E-2
1.588E+2	-3.357E-2	-4.150E-2	-6.287E-2	-4.944E-2
1.591E+2	-3.235E-2	-3.937E-2	-6.226E-2	-4.333E-2
1.592E+2	-2.899E-2	-3.662E-2	-6.134E-2	-4.150E-2
1.594E+2	-3.662E-2	-3.632E-2	-6.317E-2	-5.219E-2
1.596E+2	-3.387E-2	-3.601E-2	-6.256E-2	-5.524E-2
1.598E+2	-3.265E-2	-3.357E-2	-6.256E-2	-4.700E-2
1.601E+2	-3.021E-2	-3.632E-2	-5.859E-2	-4.944E-2
1.602E+2	-3.357E-2	-3.723E-2	-5.768E-2	-5.371E-2
1.604E+2	-3.632E-2	-3.387E-2	-6.256E-2	-4.700E-2
1.607E+2	-3.052E-2	-3.082E-2	-5.890E-2	-4.852E-2
1.608E+2	-3.082E-2	-2.625E-2	-5.890E-2	-4.974E-2
1.610E+2	-3.113E-2	-2.991E-2	-5.981E-2	-5.249E-2
1.612E+2	-3.235E-2	-2.930E-2	-5.920E-2	-5.188E-2
1.614E+2	-3.113E-2	-3.113E-2	-5.402E-2	-5.157E-2
1.616E+2	-2.594E-2	-3.143E-2	-5.157E-2	-4.639E-2
1.618E+2	-3.571E-2	-2.594E-2	-5.524E-2	-4.669E-2
1.620E+2	-2.777E-2	-1.984E-2	-5.035E-2	-5.157E-2
1.622E+2	-2.563E-2	-2.686E-2	-5.066E-2	-5.005E-2
1.624E+2	-3.021E-2	-2.289E-2	-5.493E-2	-5.066E-2
1.626E+2	-2.991E-2	-2.228E-2	-5.402E-2	-4.883E-2
1.628E+2	-3.326E-2	-2.350E-2	-5.859E-2	-5.463E-2
1.631E+2	-2.563E-2	-1.892E-2	-5.402E-2	-4.547E-2
1.632E+2	-2.594E-2	-1.617E-2	-5.341E-2	-4.822E-2
1.634E+2	-2.808E-2	-2.594E-2	-5.280E-2	-4.944E-2
1.636E+2	-2.533E-2	-2.045E-2	-4.395E-2	-5.310E-2
1.638E+2	-2.930E-2	-1.801E-2	-5.463E-2	-5.035E-2
1.641E+2	-2.716E-2	-2.441E-2	-4.669E-2	-5.188E-2
1.642E+2	-2.655E-2	-1.953E-2	-4.608E-2	-4.944E-2
1.644E+2	-2.197E-2	-1.587E-2	-5.096E-2	-5.310E-2
1.646E+2	-2.380E-2	-1.343E-2	-4.272E-2	-5.432E-2
1.648E+2	-2.594E-2	-2.075E-2	-4.700E-2	-5.005E-2
1.650E+2	-2.380E-2	-1.373E-2	-4.852E-2	-4.395E-2
1.652E+2	-2.899E-2	-1.923E-2	-4.700E-2	-5.188E-2
1.654E+2	-2.899E-2	-1.282E-2	-4.303E-2	-5.127E-2
1.656E+2	-2.716E-2	-1.617E-2	-4.272E-2	-4.547E-2
1.658E+2	-2.625E-2	-1.404E-2	-3.906E-2	-4.425E-2
1.660E+2	-2.258E-2	-1.312E-2	-3.906E-2	-4.669E-2
1.662E+2	-2.838E-2	-1.129E-2	-3.601E-2	-5.341E-2
1.664E+2	-2.441E-2	-1.099E-2	-3.876E-2	-5.615E-2
1.666E+2	-2.258E-2	-1.312E-2	-3.357E-2	-5.219E-2
1.668E+2	-2.228E-2	-1.190E-2	-3.662E-2	-4.883E-2
1.670E+2	-2.228E-2	-9.155E-3	-3.235E-2	-4.333E-2
1.672E+2	-2.655E-2	-1.160E-2	-3.510E-2	-4.303E-2
1.674E+2	-2.411E-2	-6.409E-3	-3.448E-2	-4.211E-2
1.676E+2	-1.862E-2	-8.545E-3	-3.265E-2	-4.486E-2
1.678E+2	-2.655E-2	-1.129E-2	-3.204E-2	-4.242E-2
1.680E+2	-1.953E-2	-7.935E-3	-2.838E-2	-4.089E-2
1.682E+2	-2.075E-2	0.000E+0	-3.082E-2	-4.272E-2
1.684E+2	-3.143E-2	-4.883E-3	-3.143E-2	-4.181E-2
1.686E+2	-2.258E-2	-7.935E-3	-2.716E-2	-3.601E-2
1.688E+2	-2.380E-2	-4.272E-3	-2.167E-2	-3.662E-2
1.690E+2	-2.411E-2	-1.526E-3	-2.686E-2	-3.784E-2
1.692E+2	-2.350E-2	-2.441E-3	-2.502E-2	-3.906E-2
1.694E+2	-2.411E-2	-1.831E-3	-2.655E-2	-3.906E-2
1.696E+2	-2.441E-2	-2.136E-3	-2.502E-2	-4.547E-2
1.698E+2	-2.625E-2	-4.578E-3	-2.289E-2	-3.662E-2
1.700E+2	-2.167E-2	-3.967E-3	-1.984E-2	-4.120E-2
1.702E+2	-2.502E-2	-3.357E-3	-2.380E-2	-3.937E-2
1.704E+2	-1.984E-2	1.221E-3	-2.167E-2	-3.723E-2
1.706E+2	-2.472E-2	-4.578E-3	-1.862E-2	-3.235E-2
1.708E+2	-1.862E-2	1.221E-3	-1.526E-2	-2.716E-2
1.710E+2	-2.441E-2	-6.104E-4	-1.740E-2	-2.686E-2
1.712E+2	-2.228E-2	1.831E-3	-1.709E-2	-2.625E-2
1.714E+2	-1.984E-2	-1.831E-3	-1.923E-2	-3.326E-2
1.716E+2	-2.289E-2	9.155E-4	-1.343E-2	-3.174E-2
1.718E+2	-2.411E-2	1.526E-3	-1.740E-2	-2.838E-2
1.720E+2	-2.289E-2	2.441E-3	-1.801E-2	-2.625E-2
1.722E+2	-2.197E-2	1.221E-3	-1.343E-2	-2.350E-2
1.724E+2	-1.892E-2	-2.747E-3	-1.434E-2	-2.228E-2
1.726E+2	-2.014E-2	-1.831E-3	-1.373E-2	-1.923E-2
1.728E+2	-2.441E-2	-1.526E-3	-1.190E-2	-3.143E-2
1.730E+2	-2.167E-2	1.831E-3	-1.160E-2	-2.075E-2
1.732E+2	-2.777E-2	9.155E-4	-1.648E-2	-1.953E-2
1.734E+2	-2.228E-2	-4.578E-3	-8.545E-3	-1.465E-2
1.736E+2	-2.625E-2	3.967E-3	-1.129E-2	-2.106E-2
1.738E+2	-2.380E-2	-9.155E-4	-7.019E-3	-2.258E-2
1.740E+2	-2.136E-2	6.104E-4	-8.240E-3	-1.282E-2
1.742E+2	-2.045E-2	1.221E-3	-5.798E-3	-1.709E-2
1.744E+2	-1.648E-2	1.526E-3	-4.578E-3	-2.136E-2
1.746E+2	-2.197E-2	2.136E-3	-6.409E-3	-1.343E-2
1.748E+2	-2.045E-2	-3.052E-3	-7.935E-3	-1.373E-2
1.750E+2	-2.228E-2	1.526E-3	-8.545E-3	-8.850E-3
1.752E+2	-1.984E-2	4.272E-3	-4.883E-3	-1.831E-3
1.754E+2	-1.617E-2	2.441E-3	-1.526E-3	-1.221E-2
1.756E+2	-2.197E-2	2.747E-3	-1.221E-3	-1.068E-2
1.758E+2	-2.289E-2	3.357E-3	-1.129E-2	-1.099E-2
1.760E+2	-2.563E-2	0.000E+0	-7.629E-3	-4.578E-3
1.762E+2	-2.625E-2	3.052E-4	-3.357E-3	-1.190E-2
1.764E+2	-2.625E-2	3.052E-4	-1.831E-3	-8.850E-3
1.766E+2	-2.014E-2	-1.526E-3	-3.052E-4	-7.324E-3
1.768E+2	-2.106E-2	2.441E-3	5.493E-3	-7.935E-3
1.770E+2	-2.319E-2	2.136E-3	3.052E-3	-6.409E-3
1.772E+2	-2.167E-2	2.747E-3	0.000E+0	6.104E-4
1.774E+2	-1.923E-2	2.441E-3	-3.052E-4	1.526E-3
1.776E+2	-2.716E-2	1.831E-3	-3.052E-4	-2.441E-3
1.778E+2	-2.594E-2	2.747E-3	-3.357E-3	1.526E-3
1.780E+2	-2.136E-2	5.493E-3	2.747E-3	-4.272E-3
1.782E+2	-2.136E-2	5.798E-3	-1.221E-3	1.526E-3
1.784E+2	-2.380E-2	2.441E-3	-3.052E-4	9.155E-4
1.786E+2	-2.136E-2	0.000E+0	6.104E-4	6.714E-3
1.788E+2	-2.747E-2	1.221E-3	6.104E-4	7.935E-3
1.790E+2	-2.136E-2	4.883E-3	-3.052E-4	6.104E-3
1.792E+2	-2.228E-2	6.104E-3	3.357E-3	3.052E-3
1.794E+2	-2.319E-2	1.221E-3	-3.052E-4	-4.578E-3
1.796E+2	-1.862E-2	-2.136E-3	3.662E-3	4.272E-3
1.798E+2	-2.136E-2	4.578E-3	7.629E-3	1.099E-2
1.800E+2	-2.594E-2	0.000E+0	6.104E-4	3.662E-3
1.802E+2	-2.380E-2	6.104E-4	6.104E-4	9.155E-4
1.804E+2	-2.533E-2	2.136E-3	1.831E-3	5.188E-3
1.806E+2	-2.167E-2	1.831E-3	6.104E-3	1.709E-2
1.808E+2	-1.892E-2	1.526E-3	5.798E-3	1.129E-2
1.810E+2	-1.923E-2	2.136E-3	-6.104E-4	1.434E-2
1.812E+2	-2.228E-2	2.441E-3	2.136E-3	1.099E-2
1.814E+2	-2.197E-2	-3.052E-4	6.714E-3	1.617E-2
1.816E+2	-2.014E-2	3.357E-3	8.240E-3	9.155E-3
1.818E+2	-2.014E-2	4.578E-3	9.155E-3	3.967E-3
1.820E+2	-2.228E-2	5.188E-3	6.104E-3	9.155E-3
1.822E+2	-2.106E-2	4.578E-3	3.052E-3	1.587E-2
1.824E+2	-1.770E-2	3.052E-3	1.831E-3	1.434E-2
1.826E+2	-2.228E-2	1.526E-3	-9.155E-4	1.129E-2
1.828E+2	-1.984E-2	3.662E-3	1.831E-3	2.045E-2
1.830E+2	-2.136E-2	5.493E-3	5.798E-3	1.495E-2
1.832E+2	-1.770E-2	3.357E-3	2.441E-3	1.099E-2
1.834E+2	-2.258E-2	3.052E-3	8.240E-3	1.617E-2
1.836E+2	-1.862E-2	-2.441E-3	6.714E-3	9.460E-3
1.838E+2	-2.197E-2	-9.155E-4	8.240E-3	1.892E-2
1.840E+2	-1.953E-2	1.526E-3	3.357E-3	1.068E-2
1.842E+2	-2.014E-2	3.967E-3	8.545E-3	1.434E-2
1.844E+2	-2.228E-2	0.000E+0	2.441E-3	1.831E-2
1.846E+2	-2.136E-2	4.272E-3	4.578E-3	1.678E-2
1.848E+2	-1.953E-2	0.000E+0	7.935E-3	2.625E-2
1.850E+2	-2.045E-2	2.441E-3	-3.052E-4	1.862E-2
1.852E+2	-2.136E-2	2.136E-3	3.662E-3	1.373E-2
1.854E+2	-2.655E-2	2.747E-3	2.747E-3	1.251E-2
1.856E+2	-2.533E-2	-6.104E-4	4.272E-3	1.556E-2
1.858E+2	-2.075E-2	-1.526E-3	6.714E-3	2.075E-2
1.860E+2	-2.167E-2	3.052E-4	5.798E-3	1.526E-2
1.862E+2	-2.075E-2	3.052E-3	-6.104E-4	2.289E-2
1.864E+2	-2.197E-2	3.357E-3	3.967E-3	1.801E-2
1.866E+2	-1.709E-2	1.221E-3	7.324E-3	1.587E-2
1.868E+2	-2.014E-2	-1.221E-3	6.714E-3	1.831E-2
1.870E+2	-2.228E-2	0.000E+0	3.967E-3	2.167E-2
1.872E+2	-2.075E-2	6.714E-3	5.493E-3	1.709E-2
1.874E+2	-1.434E-2	5.188E-3	1.007E-2	1.740E-2
1.876E+2	-1.709E-2	3.662E-3	2.441E-3	2.319E-2
1.878E+2	-2.441E-2	3.357E-3	4.883E-3	1.495E-2
1.880E+2	-1.740E-2	2.747E-3	7.019E-3	1.892E-2
1.882E+2	-1.526E-2	2.747E-3	8.850E-3	2.258E-2
1.884E+2	-2.411E-2	3.662E-3	3.967E-3	2.045E-2
1.886E+2	-1.953E-2	3.357E-3	6.714E-3	2.136E-2
1.888E+2	-2.136E-2	1.831E-3	1.221E-3	2.197E-2
1.890E+2	-2.228E-2	-1.221E-3	4.883E-3	1.892E-2
1.892E+2	-2.777E-2	-9.155E-4	3.052E-4	1.892E-2
1.894E+2	-2.197E-2	1.526E-3	5.188E-3	1.831E-2
1.896E+2	-1.953E-2	2.136E-3	7.324E-3	2.197E-2
1.898E+2	-2.136E-2	2.136E-3	4.272E-3	1.953E-2
1.900E+2	-1.648E-2	9.155E-4	7.935E-3	2.167E-2
1.902E+2	-1.556E-2	1.526E-3	-9.155E-4	2.686E-2
1.904E+2	-2.350E-2	2.441E-3	7.629E-3	2.045E-2
1.906E+2	-1.953E-2	1.831E-3	3.662E-3	1.831E-2
1.908E+2	-1.953E-2	3.357E-3	3.052E-3	1.923E-2
1.910E+2	-1.831E-2	-1.221E-3	2.441E-3	1.831E-2
1.912E+2	-2.014E-2	4.883E-3	7.019E-3	2.106E-2
1.914E+2	-2.014E-2	-2.747E-3	5.493E-3	1.801E-2
1.916E+2	-2.106E-2	-3.052E-3	3.357E-3	1.587E-2
1.918E+2	-1.862E-2	-6.104E-4	2.136E-3	1.709E-2
1.920E+2	-2.228E-2	3.357E-3	3.662E-3	2.258E-2
1.922E+2	-1.770E-2	2.441E-3	5.798E-3	2.045E-2
1.924E+2	-2.350E-2	5.188E-3	2.136E-3	2.289E-2
1.926E+2	-1.740E-2	2.441E-3	9.766E-3	1.862E-2
1.928E+2	-2.533E-2	1.831E-3	3.967E-3	1.831E-2
1.930E+2	-2.380E-2	-6.104E-4	6.104E-3	2.380E-2
1.932E+2	-1.740E-2	-3.967E-3	4.883E-3	1.953E-2
1.934E+2	-2.228E-2	3.357E-3	9.155E-4	1.343E-2
1.936E+2	-1.526E-2	1.831E-3	7.324E-3	2.319E-2
1.938E+2	-2.258E-2	3.052E-4	7.324E-3	1.648E-2
1.940E+2	-1.953E-2	3.967E-3	5.798E-3	2.136E-2
1.942E+2	-1.984E-2	4.578E-3	2.441E-3	1.984E-2
1.944E+2	-1.801E-2	-2.747E-3	2.747E-3	1.862E-2
1.946E+2	-2.197E-2	1.831E-3	1.526E-3	1.892E-2
1.948E+2	-1.740E-2	1.526E-3	9.460E-3	2.106E-2
1.950E+2	-2.167E-2	1.526E-3	6.409E-3	1.404E-2
1.952E+2	-1.770E-2	1.221E-3	3.662E-3	1.984E-2
1.954E+2	-2.136E-2	-1.221E-3	3.357E-3	1.587E-2
1.956E+2	-2.228E-2	3.967E-3	1.221E-3	2.380E-2
1.958E+2	-1.892E-2	3.052E-3	1.099E-2	2.655E-2
1.960E+2	-2.167E-2	6.104E-4	7.324E-3	2.075E-2
1.962E+2	-2.228E-2	4.883E-3	5.493E-3	2.106E-2
1.964E+2	-2.075E-2	2.136E-3	9.155E-4	1.678E-2
1.966E+2	-1.953E-2	2.136E-3	3.052E-4	2.014E-2
1.968E+2	-2.106E-2	3.967E-3	7.629E-3	1.984E-2
1.970E+2	-2.014E-2	1.831E-3	1.831E-3	1.892E-2
1.972E+2	-1.923E-2	1.221E-3	6.714E-3	2.319E-2
1.974E+2	-2.075E-2	5.798E-3	4.272E-3	2.075E-2
1.976E+2	-1.617E-2	9.155E-4	5.798E-3	2.655E-2
1.978E+2	-2.380E-2	-1.831E-3	1.221E-3	1.770E-2
1.980E+2	-2.106E-2	3.052E-4	6.104E-3	2.228E-2
1.982E+2	-2.106E-2	1.526E-3	2.136E-3	2.228E-2
1.984E+2	-1.953E-2	1.526E-3	2.441E-3	2.106E-2
1.986E+2	-2.594E-2	4.578E-3	1.526E-3	2.045E-2
1.988E+2	-2.045E-2	8.545E-3	3.967E-3	2.716E-2
1.990E+2	-2.106E-2	6.104E-4	3.662E-3	1.770E-2
1.992E+2	-2.197E-2	2.136E-3	7.019E-3	1.617E-2
1.994E+2	-2.441E-2	0.000E+0	6.409E-3	1.770E-2
1.996E+2	-1.526E-2	4.578E-3	7.019E-3	2.075E-2
1.998E+2	-1.678E-2	2.136E-3	6.104E-3	2.258E-2
2.000E+2	-1.923E-2	4.272E-3	3.052E-4	2.289E-2
2.002E+2	-1.984E-2	5.493E-3	7.019E-3	2.106E-2
2.004E+2	-1.373E-2	5.798E-3	4.272E-3	2.197E-2
2.006E+2	-1.648E-2	4.883E-3	5.798E-3	1.892E-2
2.008E+2	-2.228E-2	1.221E-3	3.357E-3	2.136E-2
2.010E+2	-1.740E-2	-1.526E-3	5.493E-3	1.556E-2
2.012E+2	-1.862E-2	2.136E-3	7.629E-3	1.831E-2
2.014E+2	-2.380E-2	4.578E-3	8.240E-3	1.923E-2
2.016E+2	-1.709E-2	3.967E-3	1.831E-3	2.716E-2
2.018E+2	-2.228E-2	1.831E-3	3.357E-3	1.434E-2
2.020E+2	-1.984E-2	5.188E-3	2.747E-3	1.587E-2
2.022E+2	-2.136E-2	2.136E-3	6.714E-3	2.014E-2
2.024E+2	-1.678E-2	2.136E-3	9.766E-3	1.923E-2
2.026E+2	-1.801E-2	4.883E-3	3.052E-4	2.258E-2
2.028E+2	-2.136E-2	0.000E+0	3.967E-3	1.526E-2
2.030E+2	-2.075E-2	0.000E+0	-6.104E-4	1.892E-2
2.032E+2	-2.380E-2	3.357E-3	-2.136E-3	2.289E-2
2.034E+2	-1.892E-2	-6.104E-3	3.967E-3	1.709E-2
2.036E+2	-2.228E-2	2.441E-3	3.357E-3	2.472E-2
2.038E+2	-1.953E-2	3.357E-3	5.798E-3	1.831E-2
2.040E+2	-1.862E-2	4.578E-3	1.068E-2	1.984E-2
2.042E+2	-2.106E-2	5.188E-3	5.493E-3	2.441E-2
2.044E+2	-2.228E-2	9.155E-4	3.662E-3	1.923E-2
2.046E+2	-2.106E-2	1.831E-3	5.188E-3	1.495E-2
2.048E+2	-1.984E-2	9.155E-4	-3.052E-4	1.526E-2
2.050E+2	-1.740E-2	-4.883E-3	7.935E-3	1.617E-2
2.052E+2	-1.923E-2	9.155E-4	2.747E-3	2.319E-2
2.054E+2	-2.045E-2	2.136E-3	1.831E-3	1.801E-2
2.056E+2	-1.862E-2	2.136E-3	5.798E-3	1.465E-2
2.058E+2	-2.106E-2	4.578E-3	3.967E-3	1.495E-2
2.060E+2	-2.319E-2	3.052E-3	3.052E-4	1.404E-2
2.062E+2	-2.625E-2	-3.052E-4	6.104E-3	1.404E-2
2.064E+2	-1.892E-2	2.441E-3	5.493E-3	1.862E-2
2.066E+2	-2.045E-2	0.000E+0	6.104E-3	2.014E-2
2.068E+2	-1.862E-2	1.526E-3	3.052E-3	2.075E-2
2.070E+2	-2.289E-2	4.578E-3	2.747E-3	2.258E-2
2.072E+2	-2.319E-2	2.747E-3	4.883E-3	1.953E-2
2.074E+2	-2.472E-2	6.104E-3	-3.052E-4	2.167E-2
2.076E+2	-1.831E-2	-2.136E-3	9.766E-3	2.319E-2
2.078E+2	-1.953E-2	-3.052E-4	5.493E-3	2.289E-2
2.080E+2	-2.167E-2	0.000E+0	6.409E-3	2.686E-2
2.082E+2	-1.831E-2	2.136E-3	4.578E-3	2.716E-2
2.084E+2	-2.075E-2	0.000E+0	7.324E-3	1.404E-2
2.086E+2	-2.106E-2	0.000E+0	4.883E-3	2.014E-2
2.088E+2	-2.930E-2	2.136E-3	4.883E-3	1.617E-2
2.090E+2	-1.709E-2	-9.155E-4	7.629E-3	1.709E-2
2.092E+2	-2.411E-2	-3.052E-3	6.104E-3	2.075E-2
2.094E+2	-1.892E-2	0.000E+0	3.662E-3	1.801E-2
2.096E+2	-1.801E-2	2.441E-3	7.935E-3	2.411E-2
2.098E+2	-2.136E-2	1.526E-3	5.798E-3	2.380E-2
2.100E+2	-1.709E-2	1.221E-3	7.629E-3	3.052E-2
2.102E+2	-1.740E-2	3.662E-3	5.493E-3	2.289E-2
2.104E+2	-2.075E-2	3.052E-4	5.188E-3	2.106E-2
2.106E+2	-1.373E-2	2.747E-3	7.629E-3	1.343E-2
2.108E+2	-1.801E-2	1.221E-3	5.798E-3	1.770E-2
2.110E+2	-2.563E-2	3.052E-3	7.019E-3	2.289E-2
2.112E+2	-2.472E-2	4.578E-3	3.662E-3	2.014E-2
2.114E+2	-1.801E-2	6.104E-3	3.662E-3	2.075E-2
2.116E+2	-2.411E-2	0.000E+0	6.104E-3	1.770E-2
2.118E+2	-2.075E-2	3.052E-3	2.136E-3	2.716E-2
2.120E+2	-2.167E-2	4.272E-3	1.282E-2	1.923E-2
2.122E+2	-1.923E-2	3.967E-3	7.629E-3	1.434E-2
2.124E+2	-2.045E-2	1.831E-3	1.007E-2	2.045E-2
2.126E+2	-2.045E-2	6.104E-4	6.714E-3	2.167E-2
2.128E+2	-2.167E-2	1.526E-3	1.343E-2	2.502E-2
2.130E+2	-1.892E-2	4.883E-3	4.578E-3	2.563E-2
2.132E+2	-1.770E-2	2.441E-3	1.007E-2	1.801E-2
2.134E+2	-2.441E-2	2.441E-3	4.578E-3	2.319E-2
2.136E+2	-1.953E-2	6.714E-3	5.493E-3	2.136E-2
2.138E+2	-2.472E-2	3.052E-3	2.441E-3	2.136E-2
2.140E+2	-1.923E-2	0.000E+0	7.935E-3	2.319E-2
2.142E+2	-1.892E-2	4.578E-3	4.883E-3	1.678E-2
2.144E+2	-2.136E-2	1.831E-3	6.104E-4	2.533E-2
2.146E+2	-1.801E-2	2.441E-3	3.662E-3	2.167E-2
2.148E+2	-1.984E-2	4.578E-3	3.662E-3	1.862E-2
2.150E+2	-2.289E-2	3.357E-3	4.272E-3	1.801E-2
2.152E+2	-1.862E-2	3.052E-4	1.831E-3	2.441E-2
2.154E+2	-1.678E-2	4.578E-3	4.578E-3	1.953E-2
2.156E+2	-1.923E-2	4.272E-3	3.357E-3	2.350E-2
2.158E+2	-1.709E-2	4.272E-3	3.967E-3	2.289E-2
2.160E+2	-2.136E-2	3.967E-3	4.883E-3	2.716E-2
2.162E+2	-1.648E-2	4.578E-3	7.935E-3	1.984E-2
2.164E+2	-1.617E-2	7.324E-3	-2.136E-3	1.373E-2
2.166E+2	-1.801E-2	3.052E-3	6.409E-3	1.251E-2
2.168E+2	-2.167E-2	2.441E-3	1.007E-2	1.923E-2
2.170E+2	-2.197E-2	1.007E-2	5.798E-3	2.228E-2
2.172E+2	-1.831E-2	5.188E-3	8.545E-3	1.984E-2
2.174E+2	-1.953E-2	4.578E-3	6.714E-3	1.892E-2
2.176E+2	-1.801E-2	1.526E-3	8.850E-3	1.953E-2
2.178E+2	-2.258E-2	-1.526E-3	6.409E-3	1.648E-2
2.180E+2	-1.709E-2	5.188E-3	3.357E-3	2.167E-2
2.182E+2	-1.862E-2	1.526E-3	-3.052E-4	2.075E-2
2.184E+2	-1.801E-2	4.272E-3	3.357E-3	1.404E-2
2.186E+2	-1.526E-2	-9.155E-4	3.357E-3	2.167E-2
2.188E+2	-1.831E-2	5.798E-3	7.019E-3	2.075E-2
2.190E+2	-2.197E-2	3.662E-3	3.357E-3	2.014E-2
2.192E+2	-1.587E-2	3.662E-3	7.019E-3	1.526E-2
2.194E+2	-2.197E-2	2.747E-3	8.240E-3	2.106E-2
2.196E+2	-1.648E-2	4.578E-3	1.831E-3	2.380E-2
2.198E+2	-2.075E-2	1.526E-3	4.272E-3	2.625E-2
2.200E+2	-2.167E-2	1.526E-3	3.662E-3	2.472E-2
2.202E+2	-1.862E-2	3.662E-3	3.967E-3	1.862E-2
2.204E+2	-1.984E-2	3.967E-3	5.188E-3	1.801E-2
2.206E+2	-1.923E-2	4.883E-3	3.662E-3	2.136E-2
2.208E+2	-2.136E-2	5.798E-3	6.104E-4	1.801E-2
2.210E+2	-2.106E-2	6.104E-3	3.967E-3	2.502E-2
2.212E+2	-1.678E-2	3.357E-3	2.441E-3	2.686E-2
2.214E+2	-2.167E-2	3.052E-3	7.324E-3	2.106E-2
2.216E+2	-2.197E-2	-1.221E-3	5.493E-3	1.770E-2
2.218E+2	-1.617E-2	5.493E-3	1.434E-2	2.136E-2
2.220E+2	-1.617E-2	2.747E-3	7.629E-3	2.136E-2
2.222E+2	-1.984E-2	6.714E-3	7.629E-3	1.923E-2
2.224E+2	-1.434E-2	3.967E-3	1.007E-2	2.594E-2
2.226E+2	-1.801E-2	2.747E-3	1.526E-3	2.289E-2
2.228E+2	-1.923E-2	5.188E-3	4.272E-3	2.563E-2
2.230E+2	-1.495E-2	5.493E-3	5.798E-3	1.892E-2
2.232E+2	-1.678E-2	2.747E-3	4.883E-3	2.136E-2
2.234E+2	-1.953E-2	5.798E-3	6.409E-3	1.343E-2
2.236E+2	-2.228E-2	4.578E-3	6.104E-3	1.831E-2
2.238E+2	-1.617E-2	1.831E-3	1.129E-2	1.984E-2
2.240E+2	-2.319E-2	0.000E+0	8.240E-3	2.350E-2
2.242E+2	-1.831E-2	9.155E-4	7.019E-3	1.923E-2
2.244E+2	-1.953E-2	2.747E-3	6.409E-3	1.801E-2
2.246E+2	-1.923E-2	6.104E-4	3.662E-3	1.953E-2
2.248E+2	-1.801E-2	3.967E-3	4.272E-3	1.770E-2
2.250E+2	-1.892E-2	3.662E-3	6.104E-3	2.167E-2
2.252E+2	-2.014E-2	1.831E-3	5.798E-3	1.892E-2
2.254E+2	-2.350E-2	3.052E-3	5.798E-3	1.465E-2
2.256E+2	-1.831E-2	-3.052E-4	6.714E-3	1.587E-2
2.258E+2	-1.648E-2	2.747E-3	5.493E-3	2.106E-2
2.260E+2	-1.984E-2	2.441E-3	8.545E-3	2.655E-2
2.262E+2	-1.923E-2	3.357E-3	4.272E-3	1.801E-2
2.264E+2	-1.740E-2	4.578E-3	7.019E-3	1.648E-2
2.266E+2	-2.106E-2	3.052E-3	5.798E-3	1.007E-2
2.268E+2	-2.075E-2	1.526E-3	3.052E-3	1.801E-2
2.270E+2	-1.984E-2	1.831E-3	6.104E-4	1.526E-2
2.272E+2	-1.984E-2	3.357E-3	1.038E-2	2.106E-2
2.274E+2	-1.617E-2	8.545E-3	3.357E-3	2.106E-2
2.276E+2	-1.740E-2	2.747E-3	5.798E-3	1.678E-2
2.278E+2	-1.617E-2	8.240E-3	3.662E-3	1.190E-2
2.280E+2	-2.075E-2	6.104E-4	7.629E-3	2.228E-2
2.282E+2	-1.892E-2	5.798E-3	7.019E-3	2.594E-2
2.284E+2	-1.831E-2	6.104E-3	7.019E-3	1.953E-2
2.286E+2	-2.472E-2	4.883E-3	9.155E-4	2.014E-2
2.288E+2	-1.678E-2	3.357E-3	1.221E-3	1.587E-2
2.290E+2	-1.678E-2	5.493E-3	1.007E-2	2.258E-2
2.292E+2	-1.678E-2	9.155E-4	1.099E-2	2.197E-2
2.294E+2	-1.831E-2	2.441E-3	5.188E-3	1.465E-2
2.296E+2	-1.587E-2	-3.052E-4	1.129E-2	2.014E-2
2.298E+2	-1.404E-2	3.662E-3	7.019E-3	1.678E-2
2.300E+2	-2.167E-2	3.967E-3	9.766E-3	1.556E-2
2.302E+2	-1.678E-2	-9.155E-4	4.883E-3	2.563E-2
2.304E+2	-1.556E-2	3.967E-3	4.578E-3	2.228E-2
2.306E+2	-1.617E-2	0.000E+0	6.714E-3	1.892E-2
2.308E+2	-2.136E-2	-2.747E-3	8.240E-3	2.228E-2
2.310E+2	-1.556E-2	4.578E-3	7.629E-3	2.106E-2
2.312E+2	-2.319E-2	3.967E-3	5.493E-3	2.014E-2
2.314E+2	-1.801E-2	1.160E-2	5.188E-3	1.709E-2
2.316E+2	-1.892E-2	1.526E-3	3.357E-3	1.740E-2
2.318E+2	-1.923E-2	3.357E-3	1.282E-2	1.465E-2
2.320E+2	-1.587E-2	4.272E-3	1.129E-2	1.556E-2
2.322E+2	-2.045E-2	2.747E-3	7.324E-3	1.740E-2
2.324E+2	-2.441E-2	6.104E-3	6.104E-3	1.404E-2
2.326E+2	-1.678E-2	2.136E-3	5.188E-3	1.801E-2
2.328E+2	-2.197E-2	4.578E-3	8.850E-3	1.099E-2
2.330E+2	-2.106E-2	1.526E-3	6.104E-3	2.075E-2
2.332E+2	-1.831E-2	3.052E-3	7.324E-3	2.258E-2
2.334E+2	-2.014E-2	2.136E-3	4.883E-3	2.167E-2
2.336E+2	-1.862E-2	3.967E-3	6.409E-3	2.197E-2
2.338E+2	-1.740E-2	6.104E-4	4.883E-3	2.533E-2
2.340E+2	-1.984E-2	4.272E-3	1.831E-3	2.258E-2
2.342E+2	-1.434E-2	2.441E-3	3.052E-4	1.709E-2
2.344E+2	-1.740E-2	3.052E-4	3.967E-3	1.984E-2
2.346E+2	-1.404E-2	5.188E-3	2.747E-3	1.953E-2
2.348E+2	-2.197E-2	3.052E-4	5.493E-3	1.892E-2
2.350E+2	-1.648E-2	5.188E-3	4.578E-3	2.594E-2
2.352E+2	-1.953E-2	3.357E-3	6.714E-3	1.373E-2
2.354E+2	-1.678E-2	4.883E-3	1.007E-2	1.892E-2
2.356E+2	-2.045E-2	1.526E-3	8.545E-3	1.648E-2
2.358E+2	-2.167E-2	-3.052E-4	4.883E-3	1.923E-2
2.360E+2	-1.984E-2	1.526E-3	8.850E-3	2.411E-2
2.362E+2	-1.923E-2	4.578E-3	1.282E-2	2.075E-2
2.364E+2	-1.556E-2	6.409E-3	9.460E-3	2.075E-2
2.365E+2	-2.167E-2	3.052E-3	5.188E-3	2.441E-2
2.368E+2	-1.678E-2	4.883E-3	7.324E-3	2.258E-2
2.369E+2	-1.709E-2	4.578E-3	5.798E-3	2.319E-2
2.372E+2	-2.136E-2	8.545E-3	3.357E-3	2.136E-2
2.373E+2	-1.343E-2	4.883E-3	5.798E-3	1.465E-2
2.376E+2	-2.014E-2	7.935E-3	5.798E-3	1.068E-2
2.378E+2	-1.770E-2	1.831E-3	8.850E-3	1.587E-2
2.380E+2	-1.617E-2	2.747E-3	8.545E-3	2.319E-2
2.381E+2	-1.648E-2	1.831E-3	5.493E-3	1.984E-2
2.384E+2	-2.380E-2	2.441E-3	1.007E-2	1.465E-2
2.385E+2	-1.404E-2	5.493E-3	7.324E-3	1.587E-2
2.388E+2	-1.831E-2	4.578E-3	6.409E-3	1.404E-2
2.389E+2	-1.801E-2	8.850E-3	7.935E-3	1.831E-2
2.391E+2	-2.106E-2	4.272E-3	7.629E-3	2.380E-2
2.394E+2	-2.167E-2	6.714E-3	9.460E-3	2.228E-2
2.395E+2	-2.014E-2	1.831E-3	4.883E-3	1.923E-2
2.398E+2	-1.709E-2	2.747E-3	9.460E-3	2.716E-2
2.399E+2	-2.136E-2	6.104E-4	1.404E-2	2.014E-2
2.402E+2	-1.373E-2	7.324E-3	5.798E-3	2.197E-2
2.403E+2	-1.556E-2	4.578E-3	3.662E-3	2.075E-2
2.406E+2	-1.984E-2	3.662E-3	6.409E-3	1.923E-2
2.408E+2	-1.709E-2	3.357E-3	4.883E-3	1.709E-2
2.409E+2	-1.892E-2	6.104E-3	9.766E-3	1.526E-2
2.411E+2	-2.472E-2	5.188E-3	4.272E-3	1.678E-2
2.413E+2	-1.892E-2	7.935E-3	3.052E-3	2.045E-2
2.416E+2	-1.801E-2	2.747E-3	7.019E-3	1.190E-2
2.418E+2	-1.404E-2	1.526E-3	1.221E-2	1.740E-2
2.420E+2	-1.923E-2	-1.526E-3	6.104E-3	2.045E-2
2.421E+2	-1.617E-2	3.967E-3	9.155E-3	2.533E-2
2.423E+2	-1.862E-2	4.883E-3	5.798E-3	2.716E-2
2.425E+2	-1.831E-2	3.052E-3	5.493E-3	1.801E-2
2.427E+2	-1.556E-2	5.188E-3	9.460E-3	1.953E-2
2.430E+2	-1.953E-2	-1.221E-3	5.188E-3	2.045E-2
2.431E+2	-2.136E-2	4.578E-3	6.409E-3	1.892E-2
2.434E+2	-1.831E-2	6.104E-3	8.240E-3	1.526E-2
2.435E+2	-1.495E-2	3.967E-3	8.240E-3	1.831E-2
2.437E+2	-1.953E-2	5.493E-3	5.798E-3	2.716E-2
2.439E+2	-1.587E-2	2.747E-3	4.272E-3	2.136E-2
2.441E+2	-1.770E-2	9.155E-4	6.409E-3	2.258E-2
2.444E+2	-2.441E-2	3.662E-3	1.099E-2	1.831E-2
2.445E+2	-2.106E-2	5.798E-3	9.766E-3	2.350E-2
2.448E+2	-1.770E-2	5.188E-3	7.019E-3	2.258E-2
2.449E+2	-1.678E-2	-2.747E-3	9.155E-3	1.953E-2
2.452E+2	-2.106E-2	6.409E-3	1.129E-2	2.380E-2
2.453E+2	-1.831E-2	7.629E-3	9.460E-3	2.258E-2
2.456E+2	-2.197E-2	4.578E-3	3.662E-3	2.258E-2
2.458E+2	-1.831E-2	3.662E-3	8.850E-3	2.441E-2
2.460E+2	-1.678E-2	3.662E-3	4.272E-3	2.350E-2
2.461E+2	-1.678E-2	6.714E-3	3.662E-3	2.289E-2
2.464E+2	-1.953E-2	-1.221E-3	2.441E-3	1.923E-2
2.465E+2	-1.862E-2	2.136E-3	1.404E-2	2.197E-2
2.467E+2	-1.770E-2	2.441E-3	1.190E-2	2.197E-2
2.469E+2	-1.770E-2	6.104E-3	5.493E-3	2.869E-2
2.471E+2	-1.953E-2	2.441E-3	6.714E-3	2.563E-2
2.474E+2	-1.434E-2	6.104E-3	8.850E-3	1.953E-2
2.475E+2	-1.831E-2	3.357E-3	1.160E-2	2.106E-2
2.478E+2	-1.923E-2	4.578E-3	3.357E-3	2.411E-2
2.479E+2	-2.441E-2	6.104E-4	4.883E-3	2.106E-2
2.481E+2	-1.526E-2	5.493E-3	5.798E-3	2.686E-2
2.483E+2	-2.045E-2	2.441E-3	2.136E-3	2.106E-2
2.485E+2	-1.984E-2	3.357E-3	6.104E-3	1.648E-2
2.488E+2	-1.740E-2	4.883E-3	8.240E-3	2.563E-2
2.489E+2	-1.678E-2	1.221E-3	7.935E-3	2.258E-2
2.491E+2	-1.862E-2	-3.052E-3	7.019E-3	1.587E-2
2.493E+2	-1.953E-2	2.747E-3	5.798E-3	2.106E-2
2.495E+2	-1.617E-2	1.831E-3	9.460E-3	2.228E-2
2.498E+2	-1.740E-2	5.798E-3	8.850E-3	1.343E-2
2.499E+2	-1.678E-2	3.967E-3	4.883E-3	1.801E-2
2.501E+2	-1.587E-2	1.526E-3	5.188E-3	2.228E-2
2.503E+2	-2.106E-2	-2.136E-3	5.798E-3	1.312E-2
2.505E+2	-2.106E-2	-9.155E-4	8.240E-3	1.617E-2
2.508E+2	-1.770E-2	2.136E-3	9.155E-3	1.862E-2
2.509E+2	-1.984E-2	3.662E-3	3.967E-3	1.343E-2
2.511E+2	-1.953E-2	3.967E-3	8.850E-3	2.197E-2
2.513E+2	-1.953E-2	2.441E-3	5.188E-3	2.289E-2
2.515E+2	-1.770E-2	3.052E-3	8.850E-3	2.289E-2
2.517E+2	-1.984E-2	6.409E-3	1.526E-3	2.411E-2
2.519E+2	-1.617E-2	3.052E-3	5.798E-3	1.831E-2
2.521E+2	-2.106E-2	5.493E-3	4.883E-3	2.014E-2
2.523E+2	-2.228E-2	3.967E-3	2.441E-3	1.770E-2
2.525E+2	-2.258E-2	1.831E-3	9.155E-3	1.587E-2
2.527E+2	-2.136E-2	7.324E-3	5.188E-3	2.106E-2
2.529E+2	-1.984E-2	9.155E-4	9.766E-3	1.892E-2
2.531E+2	-2.777E-2	1.526E-3	9.155E-3	1.648E-2
2.533E+2	-2.472E-2	-6.104E-4	6.714E-3	2.258E-2
2.535E+2	-2.380E-2	3.967E-3	3.052E-3	1.709E-2
2.537E+2	-1.984E-2	2.136E-3	9.155E-4	1.648E-2
2.539E+2	-2.136E-2	1.831E-3	9.460E-3	1.526E-2
2.541E+2	-1.740E-2	4.272E-3	4.883E-3	2.075E-2
2.543E+2	-2.136E-2	-6.104E-4	3.967E-3	1.770E-2
2.545E+2	-1.953E-2	-3.052E-4	5.798E-3	1.465E-2
2.547E+2	-1.892E-2	9.155E-4	6.714E-3	1.709E-2
2.549E+2	-2.625E-2	1.526E-3	6.104E-3	2.136E-2
2.551E+2	-2.625E-2	1.221E-3	2.747E-3	2.350E-2
2.553E+2	-1.923E-2	2.136E-3	3.662E-3	2.106E-2
2.555E+2	-2.319E-2	-3.052E-4	5.493E-3	1.343E-2
2.557E+2	-2.350E-2	3.052E-4	4.272E-3	1.495E-2
2.559E+2	-2.563E-2	1.831E-3	-3.052E-4	1.892E-2
2.561E+2	-2.411E-2	6.104E-4	5.493E-3	2.258E-2
2.563E+2	-2.197E-2	6.104E-4	1.526E-3	2.472E-2
2.565E+2	-2.167E-2	6.104E-4	6.104E-3	1.892E-2
2.567E+2	-2.441E-2	2.747E-3	0.000E+0	1.648E-2
2.569E+2	-1.862E-2	0.000E+0	1.190E-2	1.617E-2
2.571E+2	-2.838E-2	2.136E-3	3.357E-3	1.526E-2
2.573E+2	-2.106E-2	2.747E-3	1.038E-2	2.258E-2
2.575E+2	-2.350E-2	6.104E-4	1.373E-2	1.709E-2
2.577E+2	-2.625E-2	1.831E-3	3.967E-3	1.373E-2
2.579E+2	-2.197E-2	-1.526E-3	8.545E-3	1.160E-2
2.581E+2	-2.472E-2	-2.136E-3	9.155E-3	1.007E-2
2.583E+2	-2.594E-2	9.155E-4	7.935E-3	2.136E-2
2.585E+2	-2.563E-2	3.052E-3	6.104E-3	1.465E-2
2.587E+2	-2.380E-2	5.188E-3	1.221E-2	1.587E-2
2.589E+2	-2.533E-2	-3.052E-4	7.629E-3	1.923E-2
2.591E+2	-2.350E-2	3.052E-3	7.019E-3	1.221E-2
2.593E+2	-2.136E-2	-6.104E-4	7.019E-3	1.770E-2
2.595E+2	-2.197E-2	2.747E-3	2.441E-3	1.892E-2
2.597E+2	-2.960E-2	-1.526E-3	6.714E-3	1.953E-2
2.599E+2	-2.228E-2	-3.967E-3	4.578E-3	1.770E-2
2.601E+2	-2.563E-2	3.052E-3	5.188E-3	2.014E-2
2.603E+2	-2.899E-2	1.831E-3	8.850E-3	1.892E-2
2.605E+2	-1.923E-2	-3.052E-4	4.578E-3	2.014E-2
2.607E+2	-2.594E-2	1.831E-3	5.188E-3	1.617E-2
2.609E+2	-3.082E-2	-3.052E-4	1.312E-2	1.984E-2
2.611E+2	-2.319E-2	-3.052E-4	5.798E-3	2.289E-2
2.613E+2	-2.594E-2	9.155E-4	6.714E-3	1.862E-2
2.615E+2	-3.082E-2	-1.831E-3	5.188E-3	1.465E-2
2.617E+2	-2.289E-2	2.136E-3	7.935E-3	1.709E-2
2.619E+2	-2.625E-2	5.493E-3	5.798E-3	2.258E-2
2.621E+2	-2.594E-2	-4.883E-3	5.188E-3	1.862E-2
2.623E+2	-2.411E-2	0.000E+0	4.578E-3	1.709E-2
2.625E+2	-2.625E-2	-1.526E-3	7.324E-3	1.801E-2
2.627E+2	-2.563E-2	5.798E-3	4.272E-3	1.984E-2
2.629E+2	-2.777E-2	-3.052E-4	3.357E-3	1.526E-2
2.631E+2	-2.563E-2	3.052E-4	6.409E-3	2.197E-2
2.633E+2	-3.143E-2	1.831E-3	4.883E-3	1.953E-2
2.635E+2	-2.930E-2	-2.136E-3	2.747E-3	1.801E-2
2.637E+2	-3.082E-2	-6.104E-4	3.052E-4	2.228E-2
2.639E+2	-3.326E-2	-5.188E-3	5.798E-3	1.465E-2
2.641E+2	-3.448E-2	-1.831E-3	2.747E-3	2.106E-2
2.643E+2	-3.082E-2	-6.104E-4	3.967E-3	1.740E-2
2.645E+2	-2.960E-2	-3.967E-3	8.240E-3	1.556E-2
2.647E+2	-2.594E-2	-9.155E-4	6.409E-3	2.014E-2
2.649E+2	-2.899E-2	-2.136E-3	6.409E-3	1.740E-2
2.651E+2	-2.655E-2	-6.714E-3	3.967E-3	2.045E-2
2.653E+2	-2.808E-2	-3.052E-3	2.747E-3	1.678E-2
2.655E+2	-3.235E-2	3.052E-4	7.019E-3	2.319E-2
2.657E+2	-2.808E-2	3.052E-4	6.104E-4	2.289E-2
2.659E+2	-3.326E-2	-1.221E-3	1.526E-3	2.106E-2
2.661E+2	-3.296E-2	-1.221E-3	1.221E-3	2.258E-2
2.663E+2	-3.357E-2	-4.883E-3	5.188E-3	2.167E-2
2.665E+2	-3.662E-2	6.104E-4	9.460E-3	1.892E-2
2.667E+2	-3.235E-2	-3.052E-3	8.850E-3	2.075E-2
2.669E+2	-3.296E-2	-3.357E-3	0.000E+0	2.350E-2
2.671E+2	-4.089E-2	-1.221E-3	5.188E-3	9.155E-3
2.673E+2	-3.540E-2	-9.155E-4	1.129E-2	2.289E-2
2.675E+2	-3.326E-2	1.221E-3	9.155E-4	1.923E-2
2.677E+2	-3.448E-2	-7.019E-3	4.578E-3	1.648E-2
2.679E+2	-3.540E-2	-1.221E-3	3.967E-3	2.014E-2
2.681E+2	-3.448E-2	3.052E-3	2.136E-3	2.136E-2
2.683E+2	-3.387E-2	-1.831E-3	5.188E-3	1.892E-2
2.685E+2	-3.357E-2	-3.662E-3	3.052E-3	2.014E-2
2.687E+2	-3.357E-2	-1.526E-3	8.545E-3	2.228E-2
2.689E+2	-3.662E-2	-1.526E-3	2.136E-3	1.953E-2
2.691E+2	-3.662E-2	-4.578E-3	3.052E-3	2.106E-2
2.693E+2	-4.486E-2	-1.038E-2	5.188E-3	2.136E-2
2.695E+2	-3.815E-2	-3.052E-3	6.104E-3	1.831E-2
2.697E+2	-3.510E-2	6.104E-4	2.136E-3	2.441E-2
2.699E+2	-4.395E-2	-2.441E-3	5.493E-3	2.167E-2
2.701E+2	-4.089E-2	-4.272E-3	3.662E-3	2.075E-2
2.703E+2	-4.364E-2	-9.155E-3	3.967E-3	1.923E-2
2.705E+2	-3.937E-2	-6.409E-3	1.831E-3	2.655E-2
2.707E+2	-4.700E-2	-4.578E-3	3.357E-3	2.289E-2
2.709E+2	-4.333E-2	-4.272E-3	6.409E-3	1.740E-2
2.711E+2	-4.242E-2	-9.155E-4	4.883E-3	1.984E-2
2.713E+2	-4.059E-2	-9.155E-3	-3.052E-4	1.862E-2
2.715E+2	-4.608E-2	-5.188E-3	-1.221E-3	1.404E-2
2.717E+2	-3.693E-2	-7.629E-3	5.188E-3	1.343E-2
2.719E+2	-4.700E-2	-5.493E-3	0.000E+0	1.862E-2
2.721E+2	-4.486E-2	-8.545E-3	0.000E+0	1.526E-2
2.723E+2	-4.211E-2	-6.409E-3	2.136E-3	1.862E-2
2.725E+2	-4.517E-2	-8.850E-3	2.747E-3	2.045E-2
2.727E+2	-4.181E-2	-8.545E-3	-3.052E-4	1.984E-2
2.729E+2	-4.517E-2	-7.324E-3	9.155E-4	2.350E-2
2.731E+2	-4.303E-2	-7.629E-3	3.052E-4	1.740E-2
2.733E+2	-4.852E-2	-8.850E-3	1.831E-3	1.770E-2
2.735E+2	-5.096E-2	-1.068E-2	8.240E-3	1.648E-2
2.737E+2	-5.066E-2	-1.038E-2	6.104E-4	1.495E-2
2.739E+2	-4.669E-2	-7.324E-3	0.000E+0	1.953E-2
2.741E+2	-5.341E-2	-6.714E-3	-3.052E-4	2.167E-2
2.743E+2	-5.402E-2	-9.155E-3	-1.221E-3	1.892E-2
2.745E+2	-4.791E-2	-1.282E-2	1.526E-3	1.617E-2
2.747E+2	-5.127E-2	-7.935E-3	3.662E-3	1.587E-2
2.749E+2	-5.249E-2	-9.155E-3	3.052E-4	1.587E-2
2.751E+2	-5.707E-2	-1.465E-2	-1.831E-3	1.373E-2
2.753E+2	-4.852E-2	-9.460E-3	9.155E-4	1.526E-2
2.755E+2	-5.249E-2	-9.460E-3	-2.747E-3	2.136E-2
2.757E+2	-5.188E-2	-8.850E-3	-1.221E-3	1.770E-2
2.759E+2	-5.432E-2	-1.251E-2	-3.052E-3	2.380E-2
2.761E+2	-5.493E-2	-7.629E-3	-5.493E-3	2.441E-2
2.763E+2	-5.768E-2	-1.617E-2	-3.662E-3	1.587E-2
2.765E+2	-5.249E-2	-1.251E-2	-2.747E-3	1.923E-2
2.767E+2	-5.676E-2	-1.617E-2	-1.831E-3	1.312E-2
2.769E+2	-5.707E-2	-1.617E-2	-6.104E-4	1.343E-2
2.771E+2	-6.012E-2	-1.617E-2	2.747E-3	2.380E-2
2.773E+2	-5.524E-2	-1.282E-2	9.155E-4	1.770E-2
2.775E+2	-5.951E-2	-1.556E-2	-2.747E-3	1.953E-2
2.777E+2	-5.768E-2	-1.495E-2	3.052E-4	1.434E-2
2.779E+2	-6.165E-2	-1.251E-2	-1.221E-3	1.587E-2
2.781E+2	-5.890E-2	-1.740E-2	-7.324E-3	1.221E-2
2.783E+2	-6.500E-2	-1.587E-2	-6.714E-3	1.068E-2
2.785E+2	-6.256E-2	-1.648E-2	-3.357E-3	1.373E-2
2.787E+2	-6.317E-2	-1.801E-2	-3.357E-3	1.282E-2
2.789E+2	-6.287E-2	-1.556E-2	-4.578E-3	2.289E-2
2.791E+2	-6.348E-2	-1.801E-2	-3.662E-3	1.343E-2
2.793E+2	-6.195E-2	-2.258E-2	-3.357E-3	1.648E-2
2.795E+2	-6.409E-2	-2.289E-2	-6.409E-3	1.221E-2
2.797E+2	-6.470E-2	-1.740E-2	-3.967E-3	1.343E-2
2.799E+2	-6.622E-2	-2.197E-2	1.221E-3	1.129E-2
2.801E+2	-6.805E-2	-1.434E-2	-7.019E-3	1.007E-2
2.803E+2	-6.805E-2	-1.984E-2	-5.493E-3	1.251E-2
2.805E+2	-7.263E-2	-1.617E-2	-6.104E-3	1.099E-2
2.807E+2	-7.050E-2	-2.045E-2	-4.272E-3	1.923E-2
2.809E+2	-7.141E-2	-1.892E-2	-8.545E-3	1.343E-2
2.811E+2	-7.294E-2	-2.411E-2	-7.324E-3	1.495E-2
2.813E+2	-7.965E-2	-2.014E-2	-3.357E-3	1.129E-2
2.815E+2	-7.660E-2	-2.411E-2	-7.324E-3	1.160E-2
2.817E+2	-7.416E-2	-2.258E-2	-6.714E-3	1.434E-2
2.819E+2	-7.629E-2	-2.441E-2	-6.409E-3	1.221E-2
2.821E+2	-7.904E-2	-2.106E-2	-1.373E-2	1.373E-2
2.823E+2	-7.935E-2	-2.197E-2	-1.099E-2	1.160E-2
2.825E+2	-7.751E-2	-1.831E-2	-9.460E-3	1.404E-2
2.827E+2	-7.782E-2	-2.380E-2	-9.155E-3	7.935E-3
2.829E+2	-8.423E-2	-2.258E-2	-7.019E-3	8.240E-3
2.831E+2	-8.514E-2	-2.014E-2	-1.099E-2	9.460E-3
2.833E+2	-8.087E-2	-2.563E-2	-9.460E-3	1.282E-2
2.835E+2	-7.996E-2	-3.082E-2	-7.629E-3	1.495E-2
2.837E+2	-9.216E-2	-2.625E-2	-1.221E-2	8.545E-3
2.839E+2	-8.484E-2	-2.625E-2	-8.240E-3	7.935E-3
2.841E+2	-8.850E-2	-2.869E-2	-1.404E-2	1.556E-2
2.843E+2	-9.003E-2	-3.082E-2	-1.007E-2	2.441E-3
2.845E+2	-8.972E-2	-2.869E-2	-1.190E-2	5.798E-3
2.847E+2	-8.392E-2	-3.296E-2	-9.766E-3	1.160E-2
2.849E+2	-8.881E-2	-2.747E-2	-8.850E-3	1.099E-2
2.851E+2	-8.575E-2	-2.747E-2	-1.251E-2	7.629E-3
2.853E+2	-9.583E-2	-3.418E-2	-1.099E-2	5.188E-3
2.855E+2	-8.850E-2	-2.960E-2	-1.190E-2	1.160E-2
2.857E+2	-9.460E-2	-3.265E-2	-1.038E-2	7.935E-3
2.859E+2	-9.460E-2	-3.418E-2	-8.240E-3	1.129E-2
2.861E+2	-1.004E-1	-3.418E-2	-1.343E-2	1.007E-2
2.863E+2	-1.001E-1	-3.479E-2	-1.495E-2	1.221E-2
2.865E+2	-9.918E-2	-3.998E-2	-1.068E-2	7.935E-3
2.867E+2	-1.028E-1	-3.571E-2	-1.434E-2	1.343E-2
2.869E+2	-9.766E-2	-3.540E-2	-1.434E-2	7.324E-3
2.871E+2	-1.047E-1	-3.601E-2	-1.465E-2	3.052E-3
2.873E+2	-1.062E-1	-3.571E-2	-1.648E-2	5.188E-3
2.875E+2	-1.056E-1	-3.754E-2	-1.648E-2	8.850E-3
2.877E+2	-1.126E-1	-3.906E-2	-1.709E-2	4.578E-3
2.879E+2	-1.050E-1	-3.662E-2	-1.953E-2	6.104E-3
2.881E+2	-1.083E-1	-3.723E-2	-2.045E-2	5.188E-3
2.883E+2	-1.117E-1	-4.120E-2	-2.045E-2	5.493E-3
2.885E+2	-1.169E-1	-4.181E-2	-1.678E-2	1.251E-2
2.887E+2	-1.126E-1	-4.761E-2	-2.014E-2	7.324E-3
2.889E+2	-1.123E-1	-4.333E-2	-2.045E-2	1.221E-2
2.891E+2	-1.157E-1	-4.333E-2	-2.045E-2	1.862E-2
2.893E+2	-1.190E-1	-4.120E-2	-2.380E-2	7.019E-3
2.895E+2	-1.208E-1	-4.486E-2	-1.892E-2	3.662E-3
2.897E+2	-1.187E-1	-4.700E-2	-1.831E-2	9.460E-3
2.899E+2	-1.205E-1	-4.669E-2	-1.770E-2	4.883E-3
2.901E+2	-1.202E-1	-4.395E-2	-2.258E-2	5.493E-3
2.903E+2	-1.230E-1	-4.730E-2	-1.892E-2	2.747E-3
2.905E+2	-1.178E-1	-5.219E-2	-2.411E-2	1.038E-2
2.907E+2	-1.239E-1	-5.066E-2	-2.289E-2	1.526E-3
2.909E+2	-1.279E-1	-4.944E-2	-1.953E-2	2.747E-3
2.911E+2	-1.315E-1	-4.730E-2	-2.380E-2	-9.155E-4
2.913E+2	-1.324E-1	-5.219E-2	-2.991E-2	3.052E-4
2.915E+2	-1.270E-1	-5.188E-2	-2.930E-2	-3.052E-4
2.917E+2	-1.306E-1	-5.615E-2	-2.838E-2	3.357E-3
2.919E+2	-1.340E-1	-5.615E-2	-3.052E-2	6.104E-4
2.921E+2	-1.373E-1	-5.737E-2	-2.502E-2	-2.136E-3
2.923E+2	-1.324E-1	-5.463E-2	-3.082E-2	2.747E-3
2.925E+2	-1.392E-1	-5.463E-2	-2.563E-2	1.221E-3
2.927E+2	-1.419E-1	-5.737E-2	-2.716E-2	-5.188E-3
2.929E+2	-1.407E-1	-5.524E-2	-3.113E-2	-9.155E-4
2.931E+2	-1.453E-1	-5.737E-2	-2.808E-2	6.104E-4
2.933E+2	-1.456E-1	-5.707E-2	-2.777E-2	4.272E-3
2.935E+2	-1.431E-1	-6.256E-2	-3.082E-2	-6.104E-4
2.937E+2	-1.468E-1	-6.714E-2	-2.838E-2	4.578E-3
2.939E+2	-1.480E-1	-6.317E-2	-3.082E-2	-4.578E-3
2.941E+2	-1.483E-1	-6.226E-2	-3.174E-2	-3.052E-3
2.943E+2	-1.459E-1	-6.592E-2	-3.265E-2	-3.357E-3
2.945E+2	-1.553E-1	-6.836E-2	-3.204E-2	-4.578E-3
2.947E+2	-1.523E-1	-6.500E-2	-3.571E-2	-6.104E-4
2.949E+2	-1.593E-1	-7.111E-2	-3.204E-2	-1.221E-2
2.951E+2	-1.532E-1	-6.775E-2	-3.815E-2	-5.798E-3
2.953E+2	-1.587E-1	-7.111E-2	-3.479E-2	-8.240E-3
2.955E+2	-1.596E-1	-6.927E-2	-3.540E-2	-3.967E-3
2.957E+2	-1.608E-1	-6.744E-2	-3.815E-2	-1.221E-3
2.959E+2	-1.611E-1	-7.385E-2	-4.089E-2	-2.747E-3
2.961E+2	-1.642E-1	-7.629E-2	-4.242E-2	-1.312E-2
2.963E+2	-1.642E-1	-7.233E-2	-4.089E-2	-1.373E-2
2.965E+2	-1.712E-1	-7.416E-2	-4.395E-2	-9.460E-3
2.967E+2	-1.703E-1	-7.111E-2	-4.242E-2	-1.404E-2
2.969E+2	-1.733E-1	-7.385E-2	-4.608E-2	1.221E-3
2.971E+2	-1.675E-1	-7.782E-2	-4.578E-2	-9.155E-3
2.973E+2	-1.776E-1	-8.331E-2	-4.364E-2	-9.155E-3
2.975E+2	-1.682E-1	-8.362E-2	-4.333E-2	-6.714E-3
2.977E+2	-1.767E-1	-8.209E-2	-4.669E-2	-7.324E-3
2.979E+2	-1.776E-1	-8.392E-2	-4.547E-2	-7.019E-3
2.981E+2	-1.816E-1	-8.331E-2	-4.395E-2	-8.850E-3
2.983E+2	-1.797E-1	-8.118E-2	-4.486E-2	-1.343E-2
2.985E+2	-1.797E-1	-9.003E-2	-4.578E-2	-1.221E-2
2.987E+2	-1.880E-1	-8.698E-2	-4.669E-2	-1.801E-2
2.989E+2	-1.862E-1	-9.491E-2	-5.066E-2	-1.312E-2
2.991E+2	-1.874E-1	-9.308E-2	-5.005E-2	-1.343E-2
2.993E+2	-1.868E-1	-9.064E-2	-5.402E-2	-8.850E-3
2.995E+2	-1.932E-1	-9.064E-2	-5.157E-2	-9.766E-3
2.997E+2	-1.907E-1	-9.521E-2	-5.066E-2	-1.434E-2
2.999E+2	-1.910E-1	-9.521E-2	-5.554E-2	-1.648E-2
3.001E+2	-1.923E-1	-1.016E-1	-5.066E-2	-2.045E-2
3.003E+2	-1.981E-1	-1.010E-1	-5.615E-2	-1.892E-2
3.005E+2	-1.929E-1	-9.644E-2	-5.371E-2	-1.801E-2
3.007E+2	-1.962E-1	-1.025E-1	-5.707E-2	-1.617E-2
3.009E+2	-2.011E-1	-1.035E-1	-5.920E-2	-1.221E-2
3.011E+2	-2.039E-1	-1.025E-1	-6.042E-2	-1.801E-2
3.013E+2	-2.060E-1	-1.050E-1	-5.554E-2	-1.740E-2
3.015E+2	-2.063E-1	-1.065E-1	-5.951E-2	-2.075E-2
3.017E+2	-2.069E-1	-1.071E-1	-6.317E-2	-1.862E-2
3.019E+2	-2.081E-1	-1.059E-1	-6.134E-2	-1.587E-2
3.021E+2	-2.161E-1	-1.111E-1	-5.646E-2	-1.190E-2
3.023E+2	-2.136E-1	-1.151E-1	-5.859E-2	-2.014E-2
3.025E+2	-2.170E-1	-1.169E-1	-5.890E-2	-1.648E-2
3.027E+2	-2.118E-1	-1.151E-1	-5.981E-2	-1.953E-2
3.029E+2	-2.155E-1	-1.187E-1	-6.165E-2	-1.556E-2
3.031E+2	-2.158E-1	-1.199E-1	-5.981E-2	-1.465E-2
3.033E+2	-2.173E-1	-1.172E-1	-6.439E-2	-2.319E-2
3.035E+2	-2.197E-1	-1.172E-1	-5.981E-2	-1.984E-2
3.037E+2	-2.255E-1	-1.193E-1	-5.615E-2	-1.007E-2
3.039E+2	-2.225E-1	-1.239E-1	-6.500E-2	-1.373E-2
3.041E+2	-2.264E-1	-1.254E-1	-7.233E-2	-2.350E-2
3.043E+2	-2.277E-1	-1.263E-1	-6.531E-2	-1.740E-2
3.045E+2	-2.271E-1	-1.273E-1	-6.653E-2	-1.617E-2
3.047E+2	-2.313E-1	-1.288E-1	-7.080E-2	-1.373E-2
3.049E+2	-2.328E-1	-1.239E-1	-6.134E-2	-1.007E-2
3.051E+2	-2.322E-1	-1.349E-1	-7.111E-2	-2.319E-2
3.053E+2	-2.332E-1	-1.300E-1	-7.050E-2	-1.953E-2
3.055E+2	-2.356E-1	-1.297E-1	-7.080E-2	-1.343E-2
3.057E+2	-2.313E-1	-1.334E-1	-7.477E-2	-1.892E-2
3.059E+2	-2.374E-1	-1.355E-1	-6.866E-2	-6.104E-4
3.061E+2	-2.386E-1	-1.358E-1	-7.446E-2	-2.441E-2
3.063E+2	-2.362E-1	-1.379E-1	-7.843E-2	-2.197E-2
3.065E+2	-2.362E-1	-1.401E-1	-7.660E-2	-1.923E-2
3.067E+2	-2.371E-1	-1.456E-1	-7.660E-2	-2.319E-2
3.069E+2	-2.402E-1	-1.389E-1	-7.935E-2	-2.502E-2
3.071E+2	-2.451E-1	-1.456E-1	-7.812E-2	-1.404E-2
3.073E+2	-2.429E-1	-1.489E-1	-8.301E-2	-2.106E-2
3.075E+2	-2.426E-1	-1.511E-1	-8.331E-2	-1.709E-2
3.077E+2	-2.487E-1	-1.526E-1	-8.881E-2	-2.899E-2
3.079E+2	-2.487E-1	-1.569E-1	-8.911E-2	-2.167E-2
3.081E+2	-2.469E-1	-1.572E-1	-8.881E-2	-2.167E-2
3.083E+2	-2.487E-1	-1.529E-1	-8.850E-2	-2.991E-2
3.085E+2	-2.509E-1	-1.569E-1	-8.331E-2	-2.136E-2
3.087E+2	-2.509E-1	-1.620E-1	-9.705E-2	-3.479E-2
3.089E+2	-2.499E-1	-1.581E-1	-9.399E-2	-2.716E-2
3.091E+2	-2.582E-1	-1.599E-1	-8.911E-2	-1.221E-2
3.093E+2	-2.542E-1	-1.666E-1	-9.460E-2	-2.686E-2
3.095E+2	-2.576E-1	-1.620E-1	-1.016E-1	-4.120E-2
3.097E+2	-2.567E-1	-1.694E-1	-9.857E-2	-4.578E-2
3.099E+2	-2.557E-1	-1.715E-1	-9.979E-2	-4.150E-2
3.101E+2	-2.542E-1	-1.761E-1	-1.010E-1	-3.937E-2
3.103E+2	-2.603E-1	-1.727E-1	-9.888E-2	-2.686E-2
3.105E+2	-2.615E-1	-1.730E-1	-1.019E-1	-2.808E-2
3.107E+2	-2.676E-1	-1.746E-1	-9.674E-2	-2.411E-2
3.109E+2	-2.820E-1	-1.801E-1	-9.308E-2	-2.289E-2
3.111E+2	-2.921E-1	-1.813E-1	-9.735E-2	-2.441E-2
3.113E+2	-2.878E-1	-1.825E-1	-1.053E-1	-3.510E-2
3.115E+2	-3.098E-1	-1.917E-1	-1.077E-1	-4.364E-2
3.117E+2	-2.795E-1	-1.834E-1	-1.077E-1	-4.089E-2
3.119E+2	-2.911E-1	-1.843E-1	-1.047E-1	-3.021E-2
3.121E+2	-2.933E-1	-1.926E-1	-1.105E-1	-3.418E-2
3.123E+2	-3.116E-1	-1.996E-1	-1.123E-1	-3.876E-2
3.125E+2	-3.030E-1	-1.920E-1	-1.154E-1	-4.211E-2
3.127E+2	-3.232E-1	-1.974E-1	-1.205E-1	-3.876E-2
3.129E+2	-3.256E-1	-2.020E-1	-1.205E-1	-3.662E-2
3.131E+2	-3.278E-1	-2.170E-1	-1.297E-1	-7.172E-2
3.133E+2	-3.149E-1	-2.377E-1	-1.263E-1	-6.134E-2
3.135E+2	-3.104E-1	-2.219E-1	-1.324E-1	-7.629E-2
3.137E+2	-2.963E-1	-2.094E-1	-1.266E-1	-9.308E-2
3.139E+2	-2.991E-1	-2.252E-1	-1.398E-1	-7.477E-2
3.141E+2	-2.927E-1	-2.200E-1	-1.465E-1	-6.927E-2
3.143E+2	-2.948E-1	-2.139E-1	-1.370E-1	-8.362E-2
3.145E+2	-3.210E-1	-2.313E-1	-1.202E-1	-6.317E-2
3.147E+2	-3.137E-1	-2.271E-1	-1.395E-1	-8.728E-2
3.149E+2	-2.924E-1	-2.234E-1	-1.392E-1	-1.071E-1
3.151E+2	-2.698E-1	-2.130E-1	-1.517E-1	-7.843E-2
3.153E+2	-2.966E-1	-2.274E-1	-1.358E-1	-8.636E-2
3.155E+2	-2.835E-1	-2.310E-1	-1.605E-1	-9.216E-2
3.157E+2	-2.689E-1	-2.341E-1	-1.541E-1	-9.216E-2
3.159E+2	-2.567E-1	-2.170E-1	-1.465E-1	-8.972E-2
3.161E+2	-2.582E-1	-2.228E-1	-1.450E-1	-8.636E-2
3.163E+2	-2.441E-1	-2.274E-1	-1.541E-1	-8.911E-2
3.165E+2	-2.386E-1	-2.219E-1	-1.572E-1	-8.911E-2
3.167E+2	-2.353E-1	-2.222E-1	-1.486E-1	-1.172E-1
3.169E+2	-2.359E-1	-2.231E-1	-1.465E-1	-1.172E-1
3.171E+2	-2.393E-1	-2.219E-1	-1.480E-1	-9.613E-2
3.173E+2	-2.319E-1	-2.325E-1	-1.550E-1	-9.277E-2
3.175E+2	-2.338E-1	-2.258E-1	-1.520E-1	-8.392E-2
3.177E+2	-2.313E-1	-2.213E-1	-1.483E-1	-8.942E-2
3.179E+2	-2.264E-1	-2.240E-1	-1.614E-1	-1.019E-1
3.181E+2	-2.231E-1	-2.243E-1	-1.581E-1	-9.155E-2
3.183E+2	-2.145E-1	-2.258E-1	-1.654E-1	-9.644E-2
3.185E+2	-2.188E-1	-2.234E-1	-1.596E-1	-9.125E-2
3.187E+2	-2.188E-1	-2.322E-1	-1.614E-1	-9.796E-2
3.189E+2	-2.191E-1	-2.332E-1	-1.596E-1	-9.552E-2
3.191E+2	-2.179E-1	-2.310E-1	-1.611E-1	-9.918E-2
3.193E+2	-2.170E-1	-2.298E-1	-1.669E-1	-9.949E-2
3.195E+2	-2.151E-1	-2.274E-1	-1.669E-1	-9.491E-2
3.197E+2	-2.151E-1	-2.332E-1	-1.712E-1	-1.025E-1
3.199E+2	-2.191E-1	-2.353E-1	-1.688E-1	-1.074E-1
3.201E+2	-2.136E-1	-2.365E-1	-1.788E-1	-9.369E-2
3.203E+2	-2.097E-1	-2.335E-1	-1.746E-1	-9.430E-2
3.205E+2	-2.130E-1	-2.399E-1	-1.721E-1	-1.053E-1
3.207E+2	-2.158E-1	-2.322E-1	-1.758E-1	-1.123E-1
3.209E+2	-2.100E-1	-2.316E-1	-1.718E-1	-1.071E-1
3.211E+2	-2.084E-1	-2.380E-1	-1.816E-1	-1.056E-1
3.213E+2	-2.054E-1	-2.368E-1	-1.825E-1	-1.050E-1
3.215E+2	-2.036E-1	-2.426E-1	-1.837E-1	-1.163E-1
3.217E+2	-1.987E-1	-2.441E-1	-1.849E-1	-1.135E-1
3.219E+2	-1.984E-1	-2.386E-1	-1.825E-1	-1.141E-1
3.221E+2	-2.011E-1	-2.438E-1	-1.920E-1	-1.096E-1
3.223E+2	-1.981E-1	-2.448E-1	-1.865E-1	-1.172E-1
3.225E+2	-1.965E-1	-2.444E-1	-1.913E-1	-1.178E-1
3.227E+2	-1.971E-1	-2.441E-1	-1.926E-1	-1.245E-1
3.229E+2	-1.926E-1	-2.438E-1	-1.978E-1	-1.236E-1
3.231E+2	-1.941E-1	-2.451E-1	-2.014E-1	-1.193E-1
3.233E+2	-1.935E-1	-2.502E-1	-1.935E-1	-1.227E-1
3.235E+2	-1.941E-1	-2.448E-1	-1.938E-1	-1.294E-1
3.237E+2	-1.913E-1	-2.515E-1	-2.026E-1	-1.303E-1
3.239E+2	-1.886E-1	-2.487E-1	-1.987E-1	-1.218E-1
3.241E+2	-1.883E-1	-2.475E-1	-1.996E-1	-1.288E-1
3.243E+2	-1.868E-1	-2.505E-1	-2.097E-1	-1.361E-1
3.245E+2	-1.813E-1	-2.512E-1	-2.072E-1	-1.401E-1
3.247E+2	-1.852E-1	-2.460E-1	-2.066E-1	-1.382E-1
3.249E+2	-1.807E-1	-2.460E-1	-2.051E-1	-1.395E-1
3.251E+2	-1.859E-1	-2.518E-1	-2.078E-1	-1.385E-1
3.253E+2	-1.801E-1	-2.560E-1	-2.090E-1	-1.373E-1
3.255E+2	-1.782E-1	-2.444E-1	-2.188E-1	-1.477E-1
3.257E+2	-1.788E-1	-2.499E-1	-2.191E-1	-1.486E-1
3.259E+2	-1.746E-1	-2.545E-1	-2.200E-1	-1.428E-1
3.261E+2	-1.770E-1	-2.496E-1	-2.179E-1	-1.422E-1
3.263E+2	-1.758E-1	-2.512E-1	-2.188E-1	-1.523E-1
3.265E+2	-1.770E-1	-2.499E-1	-2.194E-1	-1.553E-1
3.267E+2	-1.773E-1	-2.463E-1	-2.194E-1	-1.569E-1
3.269E+2	-1.712E-1	-2.496E-1	-2.228E-1	-1.553E-1
3.271E+2	-1.694E-1	-2.432E-1	-2.246E-1	-1.520E-1
3.273E+2	-1.697E-1	-2.499E-1	-2.237E-1	-1.581E-1
3.275E+2	-1.654E-1	-2.478E-1	-2.304E-1	-1.654E-1
3.277E+2	-1.682E-1	-2.493E-1	-2.228E-1	-1.654E-1
3.279E+2	-1.685E-1	-2.475E-1	-2.255E-1	-1.740E-1
3.281E+2	-1.617E-1	-2.444E-1	-2.255E-1	-1.633E-1
3.283E+2	-1.617E-1	-2.457E-1	-2.319E-1	-1.599E-1
3.285E+2	-1.562E-1	-2.451E-1	-2.328E-1	-1.691E-1
3.287E+2	-1.608E-1	-2.493E-1	-2.322E-1	-1.794E-1
3.289E+2	-1.602E-1	-2.451E-1	-2.328E-1	-1.733E-1
3.291E+2	-1.572E-1	-2.481E-1	-2.356E-1	-1.755E-1
3.293E+2	-1.602E-1	-2.454E-1	-2.390E-1	-1.691E-1
3.295E+2	-1.572E-1	-2.426E-1	-2.396E-1	-1.733E-1
3.297E+2	-1.541E-1	-2.420E-1	-2.383E-1	-1.797E-1
3.299E+2	-1.541E-1	-2.454E-1	-2.365E-1	-1.810E-1
3.301E+2	-1.553E-1	-2.432E-1	-2.423E-1	-1.831E-1
3.304E+2	-1.572E-1	-2.429E-1	-2.414E-1	-1.843E-1
3.305E+2	-1.508E-1	-2.390E-1	-2.444E-1	-1.852E-1
3.308E+2	-1.547E-1	-2.408E-1	-2.414E-1	-1.907E-1
3.309E+2	-1.526E-1	-2.390E-1	-2.396E-1	-1.883E-1
3.311E+2	-1.538E-1	-2.444E-1	-2.466E-1	-1.953E-1
3.313E+2	-1.584E-1	-2.426E-1	-2.472E-1	-1.883E-1
3.315E+2	-1.440E-1	-2.396E-1	-2.509E-1	-1.941E-1
3.317E+2	-1.486E-1	-2.332E-1	-2.505E-1	-1.880E-1
3.320E+2	-1.535E-1	-2.386E-1	-2.536E-1	-1.920E-1
3.321E+2	-1.447E-1	-2.353E-1	-2.505E-1	-1.959E-1
3.324E+2	-1.501E-1	-2.322E-1	-2.505E-1	-2.014E-1
3.325E+2	-1.468E-1	-2.289E-1	-2.533E-1	-2.011E-1
3.328E+2	-1.471E-1	-2.313E-1	-2.493E-1	-2.069E-1
3.329E+2	-1.498E-1	-2.371E-1	-2.515E-1	-2.051E-1
3.331E+2	-1.453E-1	-2.316E-1	-2.539E-1	-2.048E-1
3.334E+2	-1.477E-1	-2.319E-1	-2.594E-1	-2.066E-1
3.335E+2	-1.431E-1	-2.255E-1	-2.548E-1	-2.148E-1
3.338E+2	-1.468E-1	-2.261E-1	-2.560E-1	-2.167E-1
3.339E+2	-1.434E-1	-2.246E-1	-2.505E-1	-2.115E-1
3.342E+2	-1.453E-1	-2.261E-1	-2.551E-1	-2.106E-1
3.344E+2	-1.453E-1	-2.240E-1	-2.582E-1	-2.054E-1
3.345E+2	-1.447E-1	-2.246E-1	-2.570E-1	-2.084E-1
3.348E+2	-1.382E-1	-2.261E-1	-2.545E-1	-2.148E-1
3.349E+2	-1.456E-1	-2.225E-1	-2.542E-1	-2.142E-1
3.352E+2	-1.443E-1	-2.173E-1	-2.625E-1	-2.197E-1
3.354E+2	-1.407E-1	-2.203E-1	-2.618E-1	-2.261E-1
3.355E+2	-1.431E-1	-2.173E-1	-2.625E-1	-2.246E-1
3.358E+2	-1.425E-1	-2.194E-1	-2.582E-1	-2.274E-1
3.359E+2	-1.389E-1	-2.158E-1	-2.573E-1	-2.234E-1
3.362E+2	-1.422E-1	-2.155E-1	-2.615E-1	-2.274E-1
3.364E+2	-1.407E-1	-2.072E-1	-2.640E-1	-2.243E-1
3.365E+2	-1.401E-1	-2.109E-1	-2.606E-1	-2.292E-1
3.368E+2	-1.370E-1	-2.087E-1	-2.631E-1	-2.347E-1
3.370E+2	-1.364E-1	-2.069E-1	-2.655E-1	-2.365E-1
3.371E+2	-1.419E-1	-2.115E-1	-2.603E-1	-2.325E-1
3.374E+2	-1.425E-1	-2.060E-1	-2.603E-1	-2.298E-1
3.376E+2	-1.385E-1	-2.066E-1	-2.597E-1	-2.350E-1
3.377E+2	-1.456E-1	-2.066E-1	-2.609E-1	-2.344E-1
3.380E+2	-1.489E-1	-2.090E-1	-2.591E-1	-2.414E-1
3.382E+2	-1.413E-1	-2.087E-1	-2.588E-1	-2.438E-1
3.384E+2	-1.398E-1	-2.029E-1	-2.670E-1	-2.411E-1
3.386E+2	-1.480E-1	-2.075E-1	-2.631E-1	-2.386E-1
3.388E+2	-1.447E-1	-2.029E-1	-2.646E-1	-2.393E-1
3.389E+2	-1.425E-1	-1.999E-1	-2.621E-1	-2.469E-1
3.391E+2	-1.447E-1	-2.008E-1	-2.618E-1	-2.509E-1
3.394E+2	-1.392E-1	-1.984E-1	-2.597E-1	-2.472E-1
3.396E+2	-1.447E-1	-1.929E-1	-2.585E-1	-2.542E-1
3.398E+2	-1.474E-1	-1.941E-1	-2.582E-1	-2.563E-1
3.399E+2	-1.437E-1	-1.944E-1	-2.548E-1	-2.512E-1
3.402E+2	-1.440E-1	-1.947E-1	-2.615E-1	-2.533E-1
3.404E+2	-1.474E-1	-1.978E-1	-2.594E-1	-2.582E-1
3.405E+2	-1.529E-1	-1.917E-1	-2.597E-1	-2.527E-1
3.408E+2	-1.492E-1	-1.929E-1	-2.625E-1	-2.573E-1
3.410E+2	-1.550E-1	-1.920E-1	-2.621E-1	-2.548E-1
3.412E+2	-1.550E-1	-1.907E-1	-2.594E-1	-2.560E-1
3.414E+2	-1.544E-1	-1.935E-1	-2.585E-1	-2.567E-1
3.415E+2	-1.501E-1	-1.883E-1	-2.591E-1	-2.521E-1
3.418E+2	-1.532E-1	-1.822E-1	-2.591E-1	-2.588E-1
3.420E+2	-1.566E-1	-1.865E-1	-2.625E-1	-2.600E-1
3.422E+2	-1.511E-1	-1.788E-1	-2.576E-1	-2.618E-1
3.424E+2	-1.556E-1	-1.871E-1	-2.570E-1	-2.591E-1
3.426E+2	-1.553E-1	-1.822E-1	-2.594E-1	-2.670E-1
3.428E+2	-1.575E-1	-1.810E-1	-2.563E-1	-2.585E-1
3.430E+2	-1.575E-1	-1.782E-1	-2.582E-1	-2.631E-1
3.432E+2	-1.627E-1	-1.752E-1	-2.603E-1	-2.628E-1
3.434E+2	-1.575E-1	-1.791E-1	-2.606E-1	-2.652E-1
3.436E+2	-1.721E-1	-1.807E-1	-2.612E-1	-2.649E-1
3.438E+2	-1.703E-1	-1.764E-1	-2.536E-1	-2.634E-1
3.440E+2	-1.755E-1	-1.736E-1	-2.582E-1	-2.682E-1
3.442E+2	-1.700E-1	-1.801E-1	-2.594E-1	-2.734E-1
3.444E+2	-1.776E-1	-1.764E-1	-2.585E-1	-2.701E-1
3.446E+2	-1.749E-1	-1.791E-1	-2.570E-1	-2.734E-1
3.448E+2	-1.688E-1	-1.727E-1	-2.539E-1	-2.710E-1
3.450E+2	-1.746E-1	-1.758E-1	-2.560E-1	-2.722E-1
3.452E+2	-1.761E-1	-1.810E-1	-2.585E-1	-2.682E-1
3.454E+2	-1.831E-1	-1.801E-1	-2.551E-1	-2.670E-1
3.456E+2	-1.782E-1	-1.712E-1	-2.539E-1	-2.640E-1
3.458E+2	-1.813E-1	-1.758E-1	-2.536E-1	-2.646E-1
3.460E+2	-1.746E-1	-1.697E-1	-2.487E-1	-2.664E-1
3.462E+2	-1.776E-1	-1.709E-1	-2.493E-1	-2.707E-1
3.464E+2	-1.846E-1	-1.743E-1	-2.515E-1	-2.658E-1
3.466E+2	-1.807E-1	-1.712E-1	-2.472E-1	-2.692E-1
3.468E+2	-1.880E-1	-1.712E-1	-2.481E-1	-2.722E-1
3.470E+2	-1.865E-1	-1.703E-1	-2.524E-1	-2.737E-1
3.472E+2	-1.895E-1	-1.691E-1	-2.518E-1	-2.731E-1
3.474E+2	-1.797E-1	-1.700E-1	-2.502E-1	-2.713E-1
3.476E+2	-1.871E-1	-1.666E-1	-2.524E-1	-2.753E-1
3.478E+2	-1.828E-1	-1.700E-1	-2.542E-1	-2.664E-1
3.480E+2	-1.898E-1	-1.688E-1	-2.502E-1	-2.661E-1
3.482E+2	-1.859E-1	-1.709E-1	-2.451E-1	-2.628E-1
3.484E+2	-1.877E-1	-1.617E-1	-2.536E-1	-2.637E-1
3.486E+2	-1.846E-1	-1.694E-1	-2.438E-1	-2.719E-1
3.488E+2	-1.868E-1	-1.614E-1	-2.451E-1	-2.661E-1
3.490E+2	-1.825E-1	-1.645E-1	-2.457E-1	-2.692E-1
3.492E+2	-1.920E-1	-1.587E-1	-2.469E-1	-2.728E-1
3.494E+2	-1.840E-1	-1.660E-1	-2.393E-1	-2.725E-1
3.496E+2	-1.901E-1	-1.657E-1	-2.368E-1	-2.719E-1
3.498E+2	-1.871E-1	-1.633E-1	-2.420E-1	-2.750E-1
3.500E+2	-1.868E-1	-1.645E-1	-2.396E-1	-2.753E-1
3.502E+2	-1.855E-1	-1.651E-1	-2.341E-1	-2.710E-1
3.504E+2	-1.779E-1	-1.651E-1	-2.405E-1	-2.713E-1
3.506E+2	-1.868E-1	-1.657E-1	-2.371E-1	-2.698E-1
3.508E+2	-1.797E-1	-1.627E-1	-2.359E-1	-2.682E-1
3.510E+2	-1.794E-1	-1.666E-1	-2.304E-1	-2.747E-1
3.512E+2	-1.837E-1	-1.578E-1	-2.356E-1	-2.798E-1
3.514E+2	-1.819E-1	-1.559E-1	-2.359E-1	-2.719E-1
3.516E+2	-1.758E-1	-1.569E-1	-2.316E-1	-2.670E-1
3.518E+2	-1.776E-1	-1.544E-1	-2.252E-1	-2.722E-1
3.520E+2	-1.770E-1	-1.578E-1	-2.231E-1	-2.716E-1
3.522E+2	-1.718E-1	-1.617E-1	-2.240E-1	-2.643E-1
3.524E+2	-1.645E-1	-1.578E-1	-2.234E-1	-2.615E-1
3.526E+2	-1.724E-1	-1.608E-1	-2.203E-1	-2.682E-1
3.528E+2	-1.758E-1	-1.627E-1	-2.228E-1	-2.664E-1
3.530E+2	-1.715E-1	-1.550E-1	-2.240E-1	-2.649E-1
3.532E+2	-1.749E-1	-1.599E-1	-2.219E-1	-2.704E-1
3.534E+2	-1.675E-1	-1.614E-1	-2.121E-1	-2.628E-1
3.536E+2	-1.639E-1	-1.578E-1	-2.124E-1	-2.631E-1
3.539E+2	-1.611E-1	-1.578E-1	-2.142E-1	-2.719E-1
3.541E+2	-1.544E-1	-1.520E-1	-2.142E-1	-2.710E-1
3.542E+2	-1.624E-1	-1.569E-1	-2.151E-1	-2.716E-1
3.544E+2	-1.611E-1	-1.569E-1	-2.142E-1	-2.664E-1
3.546E+2	-1.651E-1	-1.569E-1	-2.139E-1	-2.707E-1
3.548E+2	-1.660E-1	-1.468E-1	-2.063E-1	-2.722E-1
3.550E+2	-1.578E-1	-1.489E-1	-2.045E-1	-2.649E-1
3.553E+2	-1.572E-1	-1.544E-1	-2.084E-1	-2.701E-1
3.555E+2	-1.590E-1	-1.520E-1	-2.057E-1	-2.649E-1
3.557E+2	-1.538E-1	-1.483E-1	-1.941E-1	-2.649E-1
3.558E+2	-1.584E-1	-1.514E-1	-1.932E-1	-2.652E-1
3.560E+2	-1.572E-1	-1.495E-1	-1.926E-1	-2.524E-1
3.562E+2	-1.587E-1	-1.474E-1	-1.935E-1	-2.509E-1
3.565E+2	-1.660E-1	-1.495E-1	-1.941E-1	-2.563E-1
3.567E+2	-1.624E-1	-1.514E-1	-1.929E-1	-2.515E-1
3.568E+2	-1.639E-1	-1.501E-1	-1.926E-1	-2.515E-1
3.570E+2	-1.672E-1	-1.547E-1	-1.895E-1	-2.567E-1
3.572E+2	-1.682E-1	-1.538E-1	-1.923E-1	-2.524E-1
3.575E+2	-1.706E-1	-1.535E-1	-1.871E-1	-2.484E-1
3.577E+2	-1.801E-1	-1.578E-1	-1.883E-1	-2.493E-1
3.578E+2	-1.782E-1	-1.581E-1	-1.889E-1	-2.469E-1
3.580E+2	-1.859E-1	-1.602E-1	-1.926E-1	-2.460E-1
3.583E+2	-1.840E-1	-1.578E-1	-1.901E-1	-2.475E-1
3.585E+2	-1.855E-1	-1.602E-1	-1.938E-1	-2.484E-1
3.586E+2	-1.810E-1	-1.627E-1	-1.913E-1	-2.423E-1
3.589E+2	-1.895E-1	-1.627E-1	-1.920E-1	-2.405E-1
3.591E+2	-1.849E-1	-1.611E-1	-1.895E-1	-2.350E-1
3.593E+2	-1.907E-1	-1.614E-1	-1.907E-1	-2.466E-1
3.594E+2	-1.944E-1	-1.590E-1	-1.889E-1	-2.408E-1
3.597E+2	-1.929E-1	-1.648E-1	-1.849E-1	-2.380E-1
3.599E+2	-1.947E-1	-1.636E-1	-1.828E-1	-2.402E-1
3.601E+2	-1.968E-1	-1.642E-1	-1.855E-1	-2.441E-1
3.603E+2	-1.984E-1	-1.611E-1	-1.904E-1	-2.411E-1
3.605E+2	-1.984E-1	-1.602E-1	-1.855E-1	-2.408E-1
3.607E+2	-2.014E-1	-1.633E-1	-1.846E-1	-2.377E-1
3.609E+2	-2.002E-1	-1.654E-1	-1.855E-1	-2.383E-1
3.611E+2	-2.008E-1	-1.627E-1	-1.913E-1	-2.350E-1
3.613E+2	-2.011E-1	-1.691E-1	-1.892E-1	-2.301E-1
3.614E+2	-2.011E-1	-1.651E-1	-1.868E-1	-2.277E-1
3.617E+2	-1.974E-1	-1.675E-1	-1.868E-1	-2.396E-1
3.619E+2	-2.036E-1	-1.675E-1	-1.910E-1	-2.377E-1
3.621E+2	-2.002E-1	-1.666E-1	-1.849E-1	-2.344E-1
3.623E+2	-2.048E-1	-1.694E-1	-1.837E-1	-2.322E-1
3.625E+2	-2.045E-1	-1.727E-1	-1.840E-1	-2.261E-1
3.627E+2	-2.081E-1	-1.709E-1	-1.807E-1	-2.206E-1
3.629E+2	-2.109E-1	-1.685E-1	-1.794E-1	-2.197E-1
3.631E+2	-2.039E-1	-1.709E-1	-1.846E-1	-2.255E-1
3.633E+2	-2.075E-1	-1.740E-1	-1.855E-1	-2.264E-1
3.635E+2	-2.048E-1	-1.712E-1	-1.846E-1	-2.264E-1
3.637E+2	-2.029E-1	-1.718E-1	-1.871E-1	-2.179E-1
3.639E+2	-2.078E-1	-1.715E-1	-1.886E-1	-2.216E-1
3.641E+2	-2.106E-1	-1.709E-1	-1.917E-1	-2.185E-1
3.643E+2	-2.109E-1	-1.764E-1	-1.859E-1	-2.222E-1
3.645E+2	-2.097E-1	-1.776E-1	-1.855E-1	-2.219E-1
3.647E+2	-2.155E-1	-1.740E-1	-1.825E-1	-2.222E-1
3.649E+2	-2.127E-1	-1.730E-1	-1.852E-1	-2.179E-1
3.651E+2	-2.103E-1	-1.822E-1	-1.874E-1	-2.124E-1
3.653E+2	-2.130E-1	-1.749E-1	-1.874E-1	-2.051E-1
3.655E+2	-2.155E-1	-1.724E-1	-1.892E-1	-2.179E-1
3.657E+2	-2.127E-1	-1.804E-1	-1.852E-1	-2.136E-1
3.659E+2	-2.109E-1	-1.813E-1	-1.819E-1	-2.127E-1
3.661E+2	-2.133E-1	-1.770E-1	-1.849E-1	-2.103E-1
3.663E+2	-2.188E-1	-1.791E-1	-1.859E-1	-2.097E-1
3.665E+2	-2.209E-1	-1.828E-1	-1.855E-1	-2.063E-1
3.667E+2	-2.179E-1	-1.825E-1	-1.871E-1	-2.109E-1
3.669E+2	-2.246E-1	-1.761E-1	-1.898E-1	-2.072E-1
3.671E+2	-2.249E-1	-1.776E-1	-1.849E-1	-2.182E-1
3.673E+2	-2.228E-1	-1.837E-1	-1.874E-1	-2.109E-1
3.675E+2	-2.197E-1	-1.846E-1	-1.889E-1	-2.115E-1
3.677E+2	-2.203E-1	-1.840E-1	-1.886E-1	-2.081E-1
3.679E+2	-2.219E-1	-1.816E-1	-1.877E-1	-2.136E-1
3.681E+2	-2.237E-1	-1.862E-1	-1.886E-1	-2.100E-1
3.684E+2	-2.313E-1	-1.804E-1	-1.895E-1	-2.048E-1
3.685E+2	-2.252E-1	-1.849E-1	-1.904E-1	-1.999E-1
3.687E+2	-2.289E-1	-1.819E-1	-1.883E-1	-2.045E-1
3.689E+2	-2.264E-1	-1.941E-1	-1.917E-1	-2.087E-1
3.691E+2	-2.264E-1	-1.877E-1	-1.907E-1	-2.072E-1
3.693E+2	-2.313E-1	-1.907E-1	-1.901E-1	-2.072E-1
3.695E+2	-2.353E-1	-1.889E-1	-1.898E-1	-1.999E-1
3.698E+2	-2.374E-1	-1.926E-1	-1.920E-1	-2.005E-1
3.699E+2	-2.316E-1	-1.913E-1	-1.868E-1	-1.968E-1
3.701E+2	-2.347E-1	-1.907E-1	-1.938E-1	-1.956E-1
3.703E+2	-2.341E-1	-1.855E-1	-1.950E-1	-2.005E-1
3.705E+2	-2.405E-1	-1.974E-1	-1.935E-1	-2.005E-1
3.708E+2	-2.396E-1	-1.910E-1	-1.926E-1	-1.990E-1
3.709E+2	-2.368E-1	-1.886E-1	-1.926E-1	-1.965E-1
3.711E+2	-2.335E-1	-1.950E-1	-1.923E-1	-1.984E-1
3.714E+2	-2.371E-1	-1.956E-1	-1.932E-1	-1.999E-1
3.715E+2	-2.374E-1	-1.987E-1	-1.971E-1	-2.023E-1
3.718E+2	-2.423E-1	-1.971E-1	-1.917E-1	-1.956E-1
3.719E+2	-2.454E-1	-1.901E-1	-2.002E-1	-2.014E-1
3.721E+2	-2.432E-1	-1.959E-1	-1.932E-1	-1.996E-1
3.724E+2	-2.448E-1	-1.978E-1	-1.965E-1	-1.932E-1
3.726E+2	-2.432E-1	-2.017E-1	-2.020E-1	-1.947E-1
3.727E+2	-2.463E-1	-2.026E-1	-2.023E-1	-1.947E-1
3.730E+2	-2.448E-1	-2.002E-1	-1.953E-1	-1.935E-1
3.732E+2	-2.460E-1	-2.020E-1	-1.978E-1	-1.984E-1
3.734E+2	-2.475E-1	-2.072E-1	-1.984E-1	-1.990E-1
3.735E+2	-2.487E-1	-2.060E-1	-1.981E-1	-1.950E-1
3.738E+2	-2.509E-1	-2.060E-1	-2.002E-1	-1.990E-1
3.740E+2	-2.536E-1	-2.057E-1	-1.959E-1	-2.029E-1
3.741E+2	-2.499E-1	-2.075E-1	-2.020E-1	-2.014E-1
3.744E+2	-2.505E-1	-2.124E-1	-2.002E-1	-1.941E-1
3.746E+2	-2.582E-1	-2.118E-1	-1.944E-1	-1.984E-1
3.748E+2	-2.530E-1	-2.060E-1	-2.066E-1	-1.880E-1
3.750E+2	-2.597E-1	-2.066E-1	-2.084E-1	-1.978E-1
3.752E+2	-2.551E-1	-2.109E-1	-2.072E-1	-1.929E-1
3.754E+2	-2.637E-1	-2.097E-1	-2.112E-1	-1.941E-1
3.756E+2	-2.591E-1	-2.118E-1	-2.045E-1	-1.941E-1
3.758E+2	-2.594E-1	-2.109E-1	-2.063E-1	-1.947E-1
3.760E+2	-2.591E-1	-2.155E-1	-2.029E-1	-1.962E-1
3.762E+2	-2.615E-1	-2.151E-1	-2.078E-1	-1.984E-1
3.764E+2	-2.667E-1	-2.182E-1	-2.118E-1	-1.938E-1
3.766E+2	-2.664E-1	-2.173E-1	-2.057E-1	-1.956E-1
3.768E+2	-2.628E-1	-2.194E-1	-2.054E-1	-1.987E-1
3.770E+2	-2.676E-1	-2.167E-1	-2.127E-1	-1.901E-1
3.772E+2	-2.673E-1	-2.158E-1	-2.097E-1	-1.883E-1
3.774E+2	-2.722E-1	-2.133E-1	-2.130E-1	-1.901E-1
3.776E+2	-2.682E-1	-2.182E-1	-2.155E-1	-1.953E-1
3.778E+2	-2.728E-1	-2.176E-1	-2.136E-1	-1.965E-1
3.780E+2	-2.716E-1	-2.234E-1	-2.124E-1	-1.993E-1
3.782E+2	-2.731E-1	-2.225E-1	-2.158E-1	-1.974E-1
3.784E+2	-2.734E-1	-2.188E-1	-2.158E-1	-2.036E-1
3.786E+2	-2.719E-1	-2.261E-1	-2.148E-1	-1.965E-1
3.788E+2	-2.762E-1	-2.271E-1	-2.124E-1	-1.996E-1
3.790E+2	-2.780E-1	-2.277E-1	-2.133E-1	-1.984E-1
3.792E+2	-2.689E-1	-2.246E-1	-2.103E-1	-1.938E-1
3.794E+2	-2.731E-1	-2.240E-1	-2.176E-1	-1.883E-1
3.796E+2	-2.808E-1	-2.264E-1	-2.151E-1	-1.981E-1
3.798E+2	-2.811E-1	-2.246E-1	-2.139E-1	-1.926E-1
3.800E+2	-2.829E-1	-2.246E-1	-2.142E-1	-1.938E-1
3.802E+2	-2.817E-1	-2.350E-1	-2.161E-1	-2.032E-1
3.804E+2	-2.841E-1	-2.325E-1	-2.194E-1	-1.953E-1
3.806E+2	-2.826E-1	-2.286E-1	-2.234E-1	-1.965E-1
3.809E+2	-2.808E-1	-2.283E-1	-2.203E-1	-1.941E-1
3.810E+2	-2.872E-1	-2.286E-1	-2.185E-1	-1.962E-1
3.812E+2	-2.826E-1	-2.332E-1	-2.155E-1	-1.987E-1
3.814E+2	-2.875E-1	-2.301E-1	-2.255E-1	-1.953E-1
3.816E+2	-2.859E-1	-2.368E-1	-2.228E-1	-2.017E-1
3.818E+2	-2.924E-1	-2.310E-1	-2.240E-1	-1.993E-1
3.820E+2	-2.936E-1	-2.335E-1	-2.216E-1	-2.042E-1
3.822E+2	-2.908E-1	-2.356E-1	-2.206E-1	-2.032E-1
3.824E+2	-2.960E-1	-2.393E-1	-2.280E-1	-1.987E-1
3.826E+2	-2.942E-1	-2.429E-1	-2.277E-1	-2.039E-1
3.828E+2	-2.902E-1	-2.380E-1	-2.286E-1	-1.947E-1
3.830E+2	-2.930E-1	-2.390E-1	-2.310E-1	-1.944E-1
3.832E+2	-2.988E-1	-2.399E-1	-2.267E-1	-2.029E-1
3.834E+2	-3.006E-1	-2.347E-1	-2.310E-1	-1.968E-1
3.837E+2	-2.972E-1	-2.448E-1	-2.283E-1	-2.042E-1
3.839E+2	-3.012E-1	-2.429E-1	-2.301E-1	-1.984E-1
3.841E+2	-3.040E-1	-2.405E-1	-2.362E-1	-1.974E-1
3.843E+2	-3.006E-1	-2.383E-1	-2.344E-1	-2.032E-1
3.845E+2	-3.061E-1	-2.420E-1	-2.380E-1	-2.026E-1
3.847E+2	-3.024E-1	-2.420E-1	-2.386E-1	-2.042E-1
3.849E+2	-3.076E-1	-2.393E-1	-2.359E-1	-2.002E-1
3.851E+2	-3.043E-1	-2.457E-1	-2.353E-1	-2.106E-1
3.853E+2	-3.000E-1	-2.438E-1	-2.371E-1	-2.057E-1
3.855E+2	-3.088E-1	-2.444E-1	-2.380E-1	-2.124E-1
3.857E+2	-3.125E-1	-2.481E-1	-2.328E-1	-2.124E-1
3.859E+2	-3.094E-1	-2.460E-1	-2.335E-1	-2.106E-1
3.860E+2	-3.159E-1	-2.509E-1	-2.341E-1	-2.063E-1
3.862E+2	-3.134E-1	-2.518E-1	-2.328E-1	-2.106E-1
3.865E+2	-3.101E-1	-2.496E-1	-2.356E-1	-2.063E-1
3.867E+2	-3.149E-1	-2.539E-1	-2.368E-1	-2.103E-1
3.869E+2	-3.174E-1	-2.463E-1	-2.417E-1	-2.106E-1
3.871E+2	-3.146E-1	-2.490E-1	-2.420E-1	-2.042E-1
3.873E+2	-3.143E-1	-2.521E-1	-2.365E-1	-2.103E-1
3.875E+2	-3.214E-1	-2.548E-1	-2.411E-1	-2.057E-1
3.877E+2	-3.183E-1	-2.548E-1	-2.399E-1	-2.100E-1
3.879E+2	-3.238E-1	-2.536E-1	-2.441E-1	-2.151E-1
3.881E+2	-3.226E-1	-2.530E-1	-2.423E-1	-2.103E-1
3.883E+2	-3.247E-1	-2.570E-1	-2.435E-1	-2.112E-1
3.885E+2	-3.198E-1	-2.576E-1	-2.417E-1	-2.103E-1
3.887E+2	-3.256E-1	-2.609E-1	-2.438E-1	-2.097E-1
3.889E+2	-3.253E-1	-2.597E-1	-2.448E-1	-2.133E-1
3.891E+2	-3.247E-1	-2.631E-1	-2.426E-1	-2.139E-1
3.893E+2	-3.299E-1	-2.618E-1	-2.463E-1	-2.121E-1
3.895E+2	-3.299E-1	-2.649E-1	-2.475E-1	-2.121E-1
3.897E+2	-3.308E-1	-2.640E-1	-2.487E-1	-2.133E-1
3.899E+2	-3.357E-1	-2.628E-1	-2.490E-1	-2.127E-1
3.901E+2	-3.314E-1	-2.603E-1	-2.515E-1	-2.084E-1
3.903E+2	-3.336E-1	-2.591E-1	-2.527E-1	-2.057E-1
3.905E+2	-3.333E-1	-2.600E-1	-2.509E-1	-2.142E-1
3.907E+2	-3.326E-1	-2.661E-1	-2.567E-1	-2.164E-1
3.909E+2	-3.351E-1	-2.661E-1	-2.554E-1	-2.164E-1
3.912E+2	-3.403E-1	-2.728E-1	-2.502E-1	-2.145E-1
3.913E+2	-3.372E-1	-2.737E-1	-2.502E-1	-2.167E-1
3.915E+2	-3.357E-1	-2.655E-1	-2.518E-1	-2.109E-1
3.918E+2	-3.375E-1	-2.692E-1	-2.502E-1	-2.090E-1
3.920E+2	-3.418E-1	-2.658E-1	-2.548E-1	-2.145E-1
3.921E+2	-3.424E-1	-2.673E-1	-2.481E-1	-2.206E-1
3.923E+2	-3.424E-1	-2.664E-1	-2.554E-1	-2.182E-1
3.925E+2	-3.412E-1	-2.634E-1	-2.557E-1	-2.185E-1
3.928E+2	-3.479E-1	-2.682E-1	-2.496E-1	-2.179E-1
3.929E+2	-3.412E-1	-2.728E-1	-2.551E-1	-2.148E-1
3.931E+2	-3.473E-1	-2.673E-1	-2.585E-1	-2.237E-1
3.934E+2	-3.467E-1	-2.686E-1	-2.530E-1	-2.222E-1
3.936E+2	-3.473E-1	-2.759E-1	-2.551E-1	-2.182E-1
3.938E+2	-3.464E-1	-2.771E-1	-2.597E-1	-2.145E-1
3.940E+2	-3.482E-1	-2.704E-1	-2.585E-1	-2.209E-1
3.942E+2	-3.525E-1	-2.747E-1	-2.539E-1	-2.179E-1
3.944E+2	-3.500E-1	-2.777E-1	-2.545E-1	-2.173E-1
3.946E+2	-3.531E-1	-2.753E-1	-2.579E-1	-2.203E-1
3.948E+2	-3.540E-1	-2.747E-1	-2.557E-1	-2.209E-1
3.950E+2	-3.540E-1	-2.765E-1	-2.551E-1	-2.206E-1
3.952E+2	-3.528E-1	-2.762E-1	-2.545E-1	-2.206E-1
3.954E+2	-3.519E-1	-2.771E-1	-2.588E-1	-2.234E-1
3.956E+2	-3.586E-1	-2.774E-1	-2.618E-1	-2.249E-1
3.958E+2	-3.601E-1	-2.750E-1	-2.643E-1	-2.228E-1
3.960E+2	-3.571E-1	-2.792E-1	-2.640E-1	-2.164E-1
3.962E+2	-3.574E-1	-2.771E-1	-2.612E-1	-2.206E-1
3.965E+2	-3.561E-1	-2.789E-1	-2.588E-1	-2.188E-1
3.967E+2	-3.561E-1	-2.747E-1	-2.579E-1	-2.225E-1
3.969E+2	-3.607E-1	-2.737E-1	-2.621E-1	-2.203E-1
3.972E+2	-3.604E-1	-2.792E-1	-2.631E-1	-2.231E-1
3.974E+2	-3.598E-1	-2.731E-1	-2.646E-1	-2.188E-1
3.976E+2	-3.564E-1	-2.792E-1	-2.631E-1	-2.161E-1
3.978E+2	-3.604E-1	-2.777E-1	-2.618E-1	-2.142E-1
3.981E+2	-3.558E-1	-2.734E-1	-2.591E-1	-2.136E-1
3.983E+2	-3.574E-1	-2.777E-1	-2.557E-1	-2.194E-1
3.986E+2	-3.552E-1	-2.768E-1	-2.594E-1	-2.158E-1
3.989E+2	-3.561E-1	-2.765E-1	-2.628E-1	-2.100E-1
3.995E+2	-3.540E-1	-2.679E-1	-2.588E-1	-2.124E-1
3.996E+2	-3.555E-1	-2.698E-1	-2.551E-1	-2.130E-1
3.997E+2	-3.528E-1	-2.707E-1	-2.542E-1	-2.173E-1
3.997E+2	-3.531E-1	-2.737E-1	-2.536E-1	-2.148E-1
3.998E+2	-3.464E-1	-2.673E-1	-2.545E-1	-2.151E-1
3.998E+2	-3.510E-1	-2.704E-1	-2.515E-1	-2.167E-1
3.999E+2	-3.506E-1	-2.713E-1	-2.570E-1	-2.103E-1
3.999E+2	-3.506E-1	-2.713E-1	-2.570E-1	-2.103E-1
3.999E+2	-3.534E-1	-2.805E-1	-2.554E-1	-2.097E-1
3.999E+2	-3.549E-1	-2.744E-1	-2.579E-1	-2.182E-1
3.999E+2	-3.522E-1	-2.713E-1	-2.551E-1	-2.057E-1
3.999E+2	-3.491E-1	-2.731E-1	-2.570E-1	-2.148E-1
3.999E+2	-3.516E-1	-2.722E-1	-2.573E-1	-2.115E-1
3.999E+2	-3.497E-1	-2.682E-1	-2.560E-1	-2.112E-1
3.999E+2	-3.497E-1	-2.682E-1	-2.560E-1	-2.112E-1
3.999E+2	-3.497E-1	-2.682E-1	-2.560E-1	-2.112E-1
