4.177E+1	2.960E-2	9.216E-2	1.239E-1	1.978E-1
4.191E+1	3.418E-2	9.308E-2	1.221E-1	1.999E-1
4.207E+1	3.387E-2	8.820E-2	1.184E-1	1.907E-1
4.234E+1	3.021E-2	9.277E-2	1.163E-1	1.892E-1
4.249E+1	2.991E-2	8.850E-2	1.138E-1	1.868E-1
4.276E+1	3.082E-2	8.209E-2	1.190E-1	1.825E-1
4.291E+1	2.533E-2	9.430E-2	1.187E-1	1.895E-1
4.316E+1	3.387E-2	8.789E-2	1.196E-1	1.810E-1
4.331E+1	3.113E-2	8.942E-2	1.178E-1	1.779E-1
4.345E+1	3.235E-2	8.362E-2	1.157E-1	1.804E-1
4.371E+1	2.563E-2	8.453E-2	1.151E-1	1.788E-1
4.385E+1	2.869E-2	8.636E-2	1.083E-1	1.749E-1
4.411E+1	2.563E-2	8.148E-2	1.089E-1	1.743E-1
4.436E+1	2.441E-2	7.904E-2	1.096E-1	1.712E-1
4.450E+1	2.563E-2	7.965E-2	1.071E-1	1.740E-1
4.474E+1	1.984E-2	7.538E-2	1.019E-1	1.654E-1
4.487E+1	1.526E-2	7.996E-2	1.099E-1	1.630E-1
4.511E+1	1.801E-2	7.843E-2	1.059E-1	1.700E-1
4.525E+1	1.709E-2	7.812E-2	1.044E-1	1.697E-1
4.549E+1	1.556E-2	7.599E-2	1.038E-1	1.654E-1
4.572E+1	1.312E-2	7.690E-2	9.735E-2	1.617E-1
4.585E+1	1.984E-2	7.141E-2	9.491E-2	1.663E-1
4.609E+1	2.014E-2	7.050E-2	9.155E-2	1.624E-1
4.632E+1	1.251E-2	6.744E-2	9.491E-2	1.654E-1
4.645E+1	9.766E-3	6.958E-2	8.881E-2	1.617E-1
4.667E+1	8.240E-3	6.836E-2	9.338E-2	1.590E-1
4.690E+1	9.460E-3	6.927E-2	9.460E-2	1.645E-1
4.713E+1	1.221E-2	7.050E-2	9.308E-2	1.596E-1
4.726E+1	1.068E-2	6.409E-2	9.186E-2	1.538E-1
4.747E+1	6.409E-3	6.287E-2	8.850E-2	1.480E-1
4.770E+1	7.629E-3	6.348E-2	8.575E-2	1.517E-1
4.791E+1	6.104E-3	6.470E-2	7.996E-2	1.508E-1
4.804E+1	5.493E-3	6.622E-2	7.935E-2	1.541E-1
4.825E+1	1.190E-2	6.775E-2	8.423E-2	1.532E-1
4.847E+1	5.188E-3	6.256E-2	7.965E-2	1.462E-1
4.868E+1	7.935E-3	6.042E-2	7.690E-2	1.450E-1
4.890E+1	5.493E-3	6.042E-2	7.782E-2	1.453E-1
4.910E+1	-3.052E-4	6.165E-2	8.026E-2	1.486E-1
4.931E+1	5.493E-3	5.554E-2	7.721E-2	1.434E-1
4.952E+1	3.967E-3	6.073E-2	8.087E-2	1.425E-1
4.963E+1	7.324E-3	5.920E-2	8.057E-2	1.440E-1
4.983E+1	1.831E-3	5.737E-2	7.935E-2	1.401E-1
5.004E+1	5.493E-3	5.859E-2	7.935E-2	1.340E-1
5.023E+1	1.831E-3	5.127E-2	7.477E-2	1.337E-1
5.044E+1	-2.136E-3	5.310E-2	6.836E-2	1.340E-1
5.063E+1	-2.747E-3	5.249E-2	7.263E-2	1.370E-1
5.083E+1	-9.155E-4	5.402E-2	6.866E-2	1.379E-1
5.103E+1	-1.831E-3	5.280E-2	7.050E-2	1.340E-1
5.123E+1	-3.052E-3	5.096E-2	6.897E-2	1.343E-1
5.142E+1	-3.662E-3	5.127E-2	7.111E-2	1.331E-1
5.170E+1	-4.272E-3	5.096E-2	6.531E-2	1.276E-1
5.188E+1	-5.188E-3	4.761E-2	7.050E-2	1.199E-1
5.208E+1	0.000E+0	4.761E-2	6.836E-2	1.282E-1
5.227E+1	2.747E-3	4.852E-2	6.775E-2	1.208E-1
5.246E+1	4.883E-3	5.005E-2	6.836E-2	1.202E-1
5.265E+1	3.357E-3	4.669E-2	6.805E-2	1.208E-1
5.284E+1	-2.441E-3	4.791E-2	6.348E-2	1.224E-1
5.302E+1	2.747E-3	4.272E-2	6.622E-2	1.221E-1
5.321E+1	-9.155E-4	4.578E-2	6.104E-2	1.169E-1
5.347E+1	-7.019E-3	4.150E-2	5.951E-2	1.251E-1
5.366E+1	-1.007E-2	3.845E-2	5.524E-2	1.169E-1
5.384E+1	-9.766E-3	4.272E-2	5.096E-2	1.190E-1
5.402E+1	-5.493E-3	4.120E-2	5.646E-2	1.135E-1
5.420E+1	-6.409E-3	4.150E-2	5.096E-2	1.151E-1
5.446E+1	-8.545E-3	4.150E-2	4.913E-2	1.059E-1
5.464E+1	-1.038E-2	4.120E-2	5.249E-2	1.077E-1
5.482E+1	-1.038E-2	3.937E-2	5.096E-2	1.120E-1
5.499E+1	-5.493E-3	4.120E-2	4.974E-2	1.129E-1
5.525E+1	-9.155E-3	3.326E-2	4.669E-2	1.059E-1
5.542E+1	-2.441E-3	3.479E-2	5.188E-2	1.126E-1
5.560E+1	-4.883E-3	3.204E-2	5.005E-2	1.044E-1
5.584E+1	-8.545E-3	3.326E-2	4.913E-2	9.949E-2
5.603E+1	-8.850E-3	3.601E-2	4.456E-2	1.001E-1
5.619E+1	-8.240E-3	3.387E-2	4.425E-2	1.025E-1
5.644E+1	-8.850E-3	3.235E-2	4.578E-2	1.035E-1
5.660E+1	-1.129E-2	3.174E-2	4.517E-2	9.949E-2
5.685E+1	-1.556E-2	2.777E-2	4.761E-2	9.705E-2
5.701E+1	-1.129E-2	2.991E-2	4.456E-2	9.766E-2
5.718E+1	-8.850E-3	3.113E-2	4.120E-2	9.888E-2
5.741E+1	-1.434E-2	3.021E-2	4.272E-2	9.613E-2
5.758E+1	-1.465E-2	2.777E-2	3.876E-2	9.064E-2
5.781E+1	-1.770E-2	3.204E-2	3.876E-2	9.338E-2
5.798E+1	-1.678E-2	3.235E-2	3.571E-2	9.125E-2
5.821E+1	-1.190E-2	3.174E-2	3.571E-2	8.911E-2
5.838E+1	-1.312E-2	2.655E-2	3.693E-2	9.094E-2
5.860E+1	-1.312E-2	2.594E-2	3.967E-2	8.850E-2
5.877E+1	-9.460E-3	2.899E-2	3.967E-2	8.789E-2
5.899E+1	-1.221E-2	2.502E-2	3.723E-2	8.636E-2
5.922E+1	-1.129E-2	2.625E-2	2.808E-2	8.362E-2
5.938E+1	-1.129E-2	2.289E-2	2.563E-2	8.362E-2
5.961E+1	-1.282E-2	2.777E-2	2.899E-2	8.636E-2
5.976E+1	-4.272E-3	2.258E-2	3.265E-2	8.789E-2
5.999E+1	-1.190E-2	2.380E-2	3.113E-2	8.728E-2
6.014E+1	-7.629E-3	2.319E-2	3.021E-2	8.423E-2
6.037E+1	-7.019E-3	2.655E-2	3.418E-2	7.935E-2
6.059E+1	-1.007E-2	2.228E-2	3.418E-2	7.660E-2
6.075E+1	-9.766E-3	2.289E-2	2.838E-2	7.324E-2
6.096E+1	-5.798E-3	2.716E-2	3.540E-2	7.690E-2
6.118E+1	-6.409E-3	1.953E-2	2.838E-2	7.721E-2
6.140E+1	-7.629E-3	2.838E-2	2.655E-2	7.416E-2
6.156E+1	-1.099E-2	2.319E-2	2.808E-2	7.385E-2
6.177E+1	-7.324E-3	2.472E-2	2.655E-2	7.416E-2
6.198E+1	-7.324E-3	2.747E-2	2.930E-2	7.416E-2
6.213E+1	-9.155E-3	2.411E-2	2.930E-2	7.355E-2
6.235E+1	-1.404E-2	2.319E-2	2.930E-2	7.507E-2
6.256E+1	-7.935E-3	1.740E-2	3.052E-2	7.019E-2
6.278E+1	-1.190E-2	1.770E-2	2.960E-2	7.324E-2
6.298E+1	-1.160E-2	2.014E-2	2.319E-2	6.622E-2
6.313E+1	-1.282E-2	1.617E-2	2.228E-2	6.073E-2
6.334E+1	-1.434E-2	1.923E-2	1.862E-2	6.897E-2
6.355E+1	-1.434E-2	1.282E-2	1.892E-2	6.287E-2
6.375E+1	-1.434E-2	1.617E-2	1.617E-2	6.165E-2
6.396E+1	-1.648E-2	1.526E-2	1.282E-2	5.890E-2
6.416E+1	-1.495E-2	1.709E-2	1.343E-2	5.707E-2
6.437E+1	-1.434E-2	1.709E-2	7.629E-3	5.554E-2
6.457E+1	-7.324E-3	1.526E-2	1.770E-2	5.737E-2
6.477E+1	-1.129E-2	1.434E-2	1.617E-2	5.585E-2
6.497E+1	-1.373E-2	1.373E-2	1.068E-2	5.066E-2
6.511E+1	-1.465E-2	9.766E-3	1.160E-2	4.852E-2
6.531E+1	-1.465E-2	1.373E-2	1.190E-2	5.096E-2
6.551E+1	-1.526E-2	1.648E-2	9.766E-3	5.402E-2
6.571E+1	-1.129E-2	1.678E-2	7.324E-3	5.615E-2
6.591E+1	-1.190E-2	1.282E-2	1.617E-2	4.761E-2
6.610E+1	-1.343E-2	1.373E-2	7.324E-3	5.066E-2
6.631E+1	-1.221E-2	1.160E-2	9.766E-3	4.791E-2
6.650E+1	-1.587E-2	1.587E-2	9.155E-3	4.883E-2
6.670E+1	-1.251E-2	1.129E-2	1.251E-2	5.005E-2
6.695E+1	-1.068E-2	1.190E-2	1.007E-2	4.608E-2
6.715E+1	-9.460E-3	1.495E-2	8.545E-3	4.852E-2
6.734E+1	-1.312E-2	1.465E-2	8.850E-3	4.456E-2
6.754E+1	-1.465E-2	1.007E-2	5.188E-3	4.486E-2
6.772E+1	-1.556E-2	7.324E-3	3.662E-3	4.303E-2
6.792E+1	-1.038E-2	1.007E-2	3.967E-3	4.211E-2
6.811E+1	-1.068E-2	9.155E-3	9.766E-3	3.845E-2
6.830E+1	-1.190E-2	1.343E-2	1.434E-2	3.784E-2
6.849E+1	-1.221E-2	1.373E-2	4.272E-3	3.723E-2
6.868E+1	-1.648E-2	9.766E-3	6.409E-3	3.784E-2
6.893E+1	-1.038E-2	1.099E-2	1.373E-2	3.479E-2
6.912E+1	-1.038E-2	1.038E-2	1.221E-2	3.479E-2
6.930E+1	-1.465E-2	7.935E-3	6.409E-3	3.082E-2
6.949E+1	-1.373E-2	1.160E-2	1.038E-2	3.235E-2
6.972E+1	-1.617E-2	8.850E-3	9.155E-4	3.784E-2
6.991E+1	-1.099E-2	9.460E-3	2.136E-3	2.991E-2
7.009E+1	-1.312E-2	9.155E-3	3.662E-3	2.899E-2
7.033E+1	-1.495E-2	7.324E-3	9.155E-4	3.265E-2
7.051E+1	-1.434E-2	7.935E-3	-5.188E-3	3.418E-2
7.069E+1	-1.831E-2	6.714E-3	2.747E-3	3.662E-2
7.087E+1	-2.106E-2	1.068E-2	-6.104E-4	2.869E-2
7.111E+1	-1.862E-2	6.409E-3	1.221E-3	3.174E-2
7.128E+1	-2.197E-2	7.324E-3	-3.052E-3	3.021E-2
7.152E+1	-2.350E-2	6.409E-3	-7.019E-3	3.326E-2
7.169E+1	-1.678E-2	3.967E-3	-6.104E-4	3.815E-2
7.187E+1	-1.526E-2	6.409E-3	2.136E-3	3.754E-2
7.211E+1	-1.648E-2	5.798E-3	-6.104E-4	3.204E-2
7.228E+1	-1.831E-2	8.850E-3	-3.357E-3	2.716E-2
7.246E+1	-1.831E-2	4.883E-3	-4.578E-3	3.296E-2
7.269E+1	-1.862E-2	7.629E-3	-6.104E-3	2.716E-2
7.286E+1	-3.021E-2	6.104E-3	-4.883E-3	2.716E-2
7.309E+1	-2.197E-2	4.578E-3	-6.104E-4	2.045E-2
7.327E+1	-2.258E-2	3.052E-3	-2.136E-3	2.075E-2
7.349E+1	-1.373E-2	1.190E-2	-1.221E-3	1.923E-2
7.367E+1	-1.526E-2	4.883E-3	0.000E+0	2.136E-2
7.389E+1	-1.526E-2	3.357E-3	9.155E-4	1.862E-2
7.407E+1	-1.526E-2	1.068E-2	-9.155E-4	2.136E-2
7.429E+1	-1.404E-2	8.545E-3	9.155E-4	2.197E-2
7.446E+1	-1.404E-2	7.324E-3	-7.629E-3	2.228E-2
7.469E+1	-1.465E-2	1.526E-3	-7.324E-3	2.106E-2
7.486E+1	-1.984E-2	7.935E-3	-7.629E-3	2.014E-2
7.508E+1	-1.434E-2	5.493E-3	3.052E-4	2.106E-2
7.524E+1	-1.495E-2	5.493E-3	-4.883E-3	1.556E-2
7.546E+1	-1.587E-2	1.099E-2	-2.747E-3	1.648E-2
7.568E+1	-1.038E-2	8.850E-3	1.831E-3	1.587E-2
7.584E+1	-1.556E-2	6.714E-3	-5.798E-3	1.801E-2
7.606E+1	-1.099E-2	5.798E-3	-6.104E-3	2.289E-2
7.628E+1	-1.373E-2	8.545E-3	-7.019E-3	1.404E-2
7.644E+1	-1.770E-2	9.155E-3	6.104E-4	1.373E-2
7.665E+1	-1.251E-2	8.545E-3	-7.019E-3	1.404E-2
7.686E+1	-1.495E-2	7.935E-3	-3.357E-3	1.434E-2
7.708E+1	-1.434E-2	4.578E-3	-5.493E-3	1.892E-2
7.724E+1	-1.587E-2	5.188E-3	-4.272E-3	1.862E-2
7.745E+1	-1.923E-2	3.967E-3	-8.850E-3	1.740E-2
7.766E+1	-1.892E-2	6.714E-3	-6.409E-3	1.160E-2
7.783E+1	-1.678E-2	5.493E-3	-7.935E-3	1.190E-2
7.804E+1	-1.617E-2	5.798E-3	-1.007E-2	7.935E-3
7.825E+1	-1.251E-2	3.967E-3	-3.967E-3	6.409E-3
7.846E+1	-1.923E-2	8.850E-3	-4.272E-3	1.526E-2
7.867E+1	-1.953E-2	6.104E-3	-3.967E-3	1.190E-2
7.883E+1	-1.740E-2	1.221E-3	-8.850E-3	1.099E-2
7.904E+1	-1.740E-2	8.240E-3	-4.272E-3	1.190E-2
7.924E+1	-1.862E-2	7.019E-3	-3.662E-3	4.883E-3
7.945E+1	-1.373E-2	1.831E-3	-1.129E-2	1.129E-2
7.966E+1	-1.343E-2	7.629E-3	-9.460E-3	1.526E-2
7.982E+1	-1.465E-2	9.766E-3	-1.007E-2	1.068E-2
8.002E+1	-1.831E-2	8.850E-3	-9.155E-3	4.272E-3
8.023E+1	-1.434E-2	8.240E-3	-6.104E-3	1.556E-2
8.043E+1	-1.678E-2	3.662E-3	-8.240E-3	6.409E-3
8.064E+1	-1.373E-2	5.188E-3	-7.935E-3	5.798E-3
8.084E+1	-1.770E-2	5.188E-3	-1.038E-2	8.850E-3
8.104E+1	-1.434E-2	-9.155E-4	-6.409E-3	9.766E-3
8.124E+1	-1.404E-2	3.662E-3	-1.129E-2	6.104E-4
8.144E+1	-1.648E-2	9.155E-4	-1.129E-2	6.409E-3
8.164E+1	-1.404E-2	-2.136E-3	-9.766E-3	7.019E-3
8.184E+1	-1.709E-2	4.883E-3	-9.155E-3	6.409E-3
8.204E+1	-1.648E-2	3.052E-3	-1.038E-2	6.714E-3
8.224E+1	-1.526E-2	-9.155E-4	-9.766E-3	2.441E-3
8.243E+1	-1.251E-2	3.052E-4	-1.251E-2	4.578E-3
8.263E+1	-1.862E-2	4.578E-3	-1.129E-2	6.104E-4
8.283E+1	-1.892E-2	5.798E-3	-1.556E-2	5.798E-3
8.303E+1	-1.953E-2	3.662E-3	-1.434E-2	7.019E-3
8.322E+1	-1.831E-2	3.052E-4	-1.038E-2	2.747E-3
8.342E+1	-1.892E-2	5.798E-3	-1.129E-2	2.441E-3
8.361E+1	-1.923E-2	6.714E-3	-9.766E-3	6.104E-4
8.381E+1	-1.709E-2	4.578E-3	-1.648E-2	4.272E-3
8.400E+1	-1.862E-2	2.747E-3	-1.160E-2	-3.052E-4
8.420E+1	-2.106E-2	6.409E-3	-8.850E-3	3.052E-3
8.444E+1	-1.648E-2	7.629E-3	-1.434E-2	-2.747E-3
8.463E+1	-1.495E-2	-1.221E-3	-8.850E-3	-2.441E-3
8.482E+1	-2.197E-2	2.136E-3	-1.404E-2	-3.052E-4
8.502E+1	-2.136E-2	0.000E+0	-1.312E-2	-1.221E-3
8.521E+1	-2.167E-2	3.357E-3	-1.312E-2	-6.714E-3
8.540E+1	-1.862E-2	5.798E-3	-6.409E-3	-1.526E-3
8.559E+1	-2.502E-2	0.000E+0	-7.935E-3	-1.831E-3
8.583E+1	-1.953E-2	7.019E-3	-7.629E-3	4.578E-3
8.602E+1	-2.289E-2	2.747E-3	-9.155E-3	-2.136E-3
8.621E+1	-2.350E-2	2.747E-3	-1.251E-2	-1.831E-3
8.640E+1	-1.740E-2	1.221E-3	-1.434E-2	3.662E-3
8.659E+1	-2.075E-2	1.526E-3	-1.190E-2	-6.104E-4
8.682E+1	-2.136E-2	2.441E-3	-1.282E-2	-2.136E-3
8.702E+1	-1.648E-2	6.104E-4	-1.709E-2	-3.052E-4
8.720E+1	-1.617E-2	3.052E-3	-1.740E-2	1.526E-3
8.743E+1	-1.923E-2	4.883E-3	-1.801E-2	-6.104E-3
8.761E+1	-1.465E-2	1.831E-3	-8.545E-3	-1.526E-3
8.780E+1	-1.770E-2	2.441E-3	-1.190E-2	0.000E+0
8.798E+1	-2.014E-2	-9.155E-4	-8.240E-3	1.221E-3
8.821E+1	-1.648E-2	2.441E-3	-1.556E-2	-6.409E-3
8.839E+1	-1.770E-2	1.221E-3	-1.373E-2	-3.052E-3
8.862E+1	-1.556E-2	2.441E-3	-1.465E-2	-2.441E-3
8.880E+1	-2.045E-2	3.662E-3	-1.526E-2	-2.136E-3
8.899E+1	-1.984E-2	-9.155E-4	-1.007E-2	3.052E-4
8.921E+1	-1.801E-2	9.155E-4	-9.766E-3	3.052E-4
8.940E+1	-1.343E-2	6.104E-3	-1.709E-2	-4.883E-3
8.958E+1	-1.648E-2	-1.221E-3	-1.007E-2	4.272E-3
8.981E+1	-1.587E-2	1.526E-3	-1.373E-2	-7.629E-3
8.999E+1	-1.526E-2	1.221E-3	-1.129E-2	-7.629E-3
9.017E+1	-1.831E-2	2.441E-3	-1.617E-2	-8.545E-3
9.040E+1	-2.014E-2	3.052E-3	-1.434E-2	-5.493E-3
9.058E+1	-2.045E-2	3.662E-3	-1.587E-2	6.104E-4
9.081E+1	-1.923E-2	-3.052E-4	-1.343E-2	-1.068E-2
9.099E+1	-1.740E-2	-6.104E-4	-1.526E-2	-7.935E-3
9.117E+1	-2.014E-2	6.104E-4	-1.770E-2	-2.747E-3
9.139E+1	-1.953E-2	1.526E-3	-2.045E-2	-5.493E-3
9.157E+1	-2.655E-2	3.357E-3	-1.678E-2	-9.155E-3
9.180E+1	-2.075E-2	2.441E-3	-1.343E-2	-3.052E-3
9.198E+1	-2.197E-2	-3.662E-3	-1.068E-2	-5.798E-3
9.220E+1	-1.465E-2	-6.104E-4	-1.770E-2	-3.357E-3
9.238E+1	-2.258E-2	-3.052E-3	-1.556E-2	-6.104E-4
9.256E+1	-2.075E-2	3.052E-4	-1.495E-2	2.747E-3
9.278E+1	-2.441E-2	3.967E-3	-1.404E-2	-5.798E-3
9.296E+1	-2.136E-2	1.831E-3	-1.282E-2	-1.160E-2
9.318E+1	-2.350E-2	5.188E-3	-1.587E-2	-5.188E-3
9.336E+1	-2.045E-2	-1.831E-3	-1.038E-2	-1.251E-2
9.358E+1	-2.014E-2	-2.747E-3	-1.251E-2	-1.221E-2
9.380E+1	-2.045E-2	1.831E-3	-1.312E-2	-1.038E-2
9.398E+1	-2.350E-2	7.019E-3	-1.373E-2	-5.493E-3
9.419E+1	-1.953E-2	6.104E-4	-1.648E-2	-6.409E-3
9.436E+1	-2.045E-2	1.831E-3	-7.324E-3	-7.935E-3
9.458E+1	-1.801E-2	6.104E-4	-1.129E-2	-1.373E-2
9.475E+1	-2.258E-2	-9.155E-4	-1.404E-2	-1.251E-2
9.497E+1	-2.014E-2	3.662E-3	-1.740E-2	-8.545E-3
9.519E+1	-1.831E-2	3.052E-3	-2.014E-2	-5.188E-3
9.536E+1	-2.380E-2	9.155E-4	-1.740E-2	-9.155E-3
9.558E+1	-3.143E-2	-9.155E-4	-1.984E-2	-1.068E-2
9.579E+1	-2.258E-2	6.104E-4	-2.197E-2	-5.798E-3
9.596E+1	-3.052E-2	2.747E-3	-1.648E-2	-6.104E-3
9.618E+1	-2.228E-2	3.052E-4	-1.648E-2	-8.240E-3
9.635E+1	-2.350E-2	4.578E-3	-2.075E-2	-6.714E-3
9.657E+1	-2.563E-2	2.441E-3	-1.587E-2	-1.129E-2
9.678E+1	-3.113E-2	1.831E-3	-1.740E-2	-6.409E-3
9.695E+1	-2.960E-2	1.526E-3	-1.862E-2	-4.272E-3
9.716E+1	-2.441E-2	2.136E-3	-1.465E-2	-1.495E-2
9.738E+1	-2.716E-2	-3.052E-4	-1.526E-2	-1.038E-2
9.755E+1	-2.167E-2	2.441E-3	-1.190E-2	-1.343E-2
9.776E+1	-2.350E-2	1.526E-3	-1.617E-2	-1.038E-2
9.797E+1	-2.289E-2	6.409E-3	-1.465E-2	-1.038E-2
9.818E+1	-2.991E-2	1.526E-3	-1.404E-2	-9.766E-3
9.835E+1	-2.960E-2	-1.221E-3	-1.465E-2	-1.221E-3
9.856E+1	-2.014E-2	-1.221E-3	-1.404E-2	-7.324E-3
9.877E+1	-1.953E-2	3.052E-4	-1.526E-2	-9.460E-3
9.894E+1	-2.167E-2	3.052E-4	-1.770E-2	-1.038E-2
9.915E+1	-2.441E-2	-1.221E-3	-1.770E-2	-4.883E-3
9.936E+1	-2.014E-2	3.052E-4	-1.343E-2	-1.160E-2
9.957E+1	-1.984E-2	6.104E-4	-1.556E-2	-1.373E-2
9.974E+1	-1.984E-2	2.136E-3	-1.678E-2	-1.373E-2
9.995E+1	-1.556E-2	9.155E-4	-1.282E-2	-1.038E-2
1.002E+2	-1.617E-2	3.052E-4	-1.373E-2	-1.160E-2
1.004E+2	-2.899E-2	-1.221E-3	-1.404E-2	-8.850E-3
1.006E+2	-2.136E-2	2.441E-3	-1.678E-2	-1.434E-2
1.008E+2	-2.441E-2	-1.526E-3	-1.434E-2	-6.409E-3
1.010E+2	-2.350E-2	-6.104E-4	-1.038E-2	-1.129E-2
1.012E+2	-2.411E-2	2.136E-3	-1.129E-2	-1.129E-2
1.014E+2	-2.045E-2	-2.136E-3	-1.282E-2	-6.104E-3
1.015E+2	-2.808E-2	-1.831E-3	-1.465E-2	-1.038E-2
1.018E+2	-2.533E-2	-1.831E-3	-1.343E-2	-1.068E-2
1.019E+2	-2.594E-2	2.136E-3	-2.411E-2	-8.240E-3
1.022E+2	-1.923E-2	3.052E-3	-1.495E-2	-1.251E-2
1.023E+2	-1.923E-2	3.357E-3	-1.984E-2	-3.052E-3
1.025E+2	-2.197E-2	9.155E-4	-1.373E-2	-9.460E-3
1.028E+2	-2.319E-2	-3.662E-3	-1.465E-2	-1.160E-2
1.029E+2	-2.228E-2	3.357E-3	-1.740E-2	-9.766E-3
1.032E+2	-1.740E-2	-9.155E-4	-1.892E-2	-1.190E-2
1.033E+2	-2.075E-2	-6.104E-4	-1.251E-2	-1.404E-2
1.035E+2	-2.777E-2	-3.052E-4	-1.770E-2	-8.545E-3
1.038E+2	-3.021E-2	3.967E-3	-2.136E-2	-7.019E-3
1.039E+2	-2.258E-2	1.526E-3	-1.282E-2	-1.129E-2
1.041E+2	-2.808E-2	-1.221E-3	-1.770E-2	-9.460E-3
1.043E+2	-3.174E-2	-6.104E-4	-1.984E-2	-7.935E-3
1.045E+2	-2.899E-2	-3.052E-4	-2.411E-2	-1.038E-2
1.047E+2	-3.021E-2	3.052E-4	-2.228E-2	-1.404E-2
1.049E+2	-2.014E-2	-1.221E-3	-1.801E-2	-1.678E-2
1.051E+2	-2.197E-2	6.104E-4	-1.617E-2	-1.770E-2
1.053E+2	-2.167E-2	3.357E-3	-1.740E-2	-1.587E-2
1.055E+2	-2.716E-2	2.136E-3	-1.465E-2	-8.240E-3
1.057E+2	-2.747E-2	-5.798E-3	-1.892E-2	-1.282E-2
1.060E+2	-3.082E-2	1.831E-3	-1.984E-2	-1.068E-2
1.062E+2	-2.808E-2	3.052E-4	-2.258E-2	-1.038E-2
1.063E+2	-3.113E-2	0.000E+0	-2.167E-2	-1.038E-2
1.065E+2	-3.143E-2	0.000E+0	-2.350E-2	-1.160E-2
1.068E+2	-2.869E-2	-3.357E-3	-1.923E-2	-9.766E-3
1.069E+2	-3.448E-2	-9.155E-4	-2.197E-2	-9.766E-3
1.071E+2	-3.265E-2	-2.441E-3	-2.380E-2	-1.221E-2
1.073E+2	-3.021E-2	9.155E-4	-2.563E-2	-1.068E-2
1.075E+2	-2.747E-2	9.155E-4	-1.434E-2	-1.465E-2
1.077E+2	-2.747E-2	0.000E+0	-1.556E-2	-1.373E-2
1.079E+2	-2.228E-2	1.526E-3	-1.923E-2	-1.343E-2
1.081E+2	-2.136E-2	-3.052E-3	-2.167E-2	-1.007E-2
1.083E+2	-2.075E-2	-1.831E-3	-1.740E-2	-1.251E-2
1.085E+2	-1.831E-2	-2.747E-3	-1.984E-2	-2.075E-2
1.087E+2	-1.831E-2	-3.357E-3	-1.526E-2	-6.409E-3
1.090E+2	-1.617E-2	2.441E-3	-1.526E-2	-8.850E-3
1.091E+2	-1.709E-2	-3.052E-4	-1.373E-2	-7.629E-3
1.093E+2	-2.014E-2	-2.136E-3	-1.587E-2	-1.892E-2
1.095E+2	-2.625E-2	-1.831E-3	-1.099E-2	-1.251E-2
1.098E+2	-1.892E-2	3.052E-4	-2.014E-2	-7.935E-3
1.099E+2	-2.686E-2	1.526E-3	-1.526E-2	-1.556E-2
1.101E+2	-2.441E-2	0.000E+0	-1.587E-2	-1.770E-2
1.103E+2	-2.655E-2	6.104E-4	-1.923E-2	-1.373E-2
1.105E+2	-3.113E-2	5.493E-3	-1.617E-2	-8.240E-3
1.107E+2	-3.052E-2	-1.221E-3	-1.892E-2	-1.251E-2
1.109E+2	-2.716E-2	-1.831E-3	-1.617E-2	-8.240E-3
1.111E+2	-2.014E-2	-1.221E-3	-1.495E-2	-7.629E-3
1.113E+2	-3.052E-2	-3.052E-4	-1.434E-2	-1.465E-2
1.115E+2	-2.808E-2	1.221E-3	-1.587E-2	-1.648E-2
1.117E+2	-2.960E-2	4.578E-3	-1.831E-2	-1.526E-2
1.119E+2	-2.533E-2	4.578E-3	-1.770E-2	-1.160E-2
1.121E+2	-2.777E-2	-1.526E-3	-1.251E-2	-1.526E-2
1.123E+2	-2.960E-2	-3.357E-3	-1.587E-2	-1.770E-2
1.125E+2	-3.174E-2	-3.357E-3	-2.319E-2	-1.282E-2
1.128E+2	-3.326E-2	1.831E-3	-2.380E-2	-1.190E-2
1.129E+2	-3.052E-2	-8.545E-3	-2.655E-2	-9.766E-3
1.131E+2	-3.143E-2	2.747E-3	-2.502E-2	-1.099E-2
1.133E+2	-2.899E-2	9.155E-4	-1.556E-2	-1.587E-2
1.135E+2	-2.258E-2	0.000E+0	-2.045E-2	-1.373E-2
1.138E+2	-3.235E-2	-3.052E-4	-1.984E-2	-1.038E-2
1.139E+2	-2.747E-2	1.526E-3	-2.014E-2	-1.129E-2
1.141E+2	-2.563E-2	2.441E-3	-1.251E-2	-1.221E-2
1.143E+2	-1.984E-2	3.662E-3	-2.289E-2	-1.312E-2
1.145E+2	-2.197E-2	-1.831E-3	-1.465E-2	-1.190E-2
1.147E+2	-2.563E-2	9.155E-4	-1.770E-2	-1.282E-2
1.149E+2	-3.082E-2	0.000E+0	-2.350E-2	-9.155E-3
1.151E+2	-2.686E-2	-4.272E-3	-2.014E-2	-8.850E-3
1.153E+2	-3.235E-2	-1.831E-3	-1.678E-2	-1.190E-2
1.155E+2	-3.174E-2	-1.831E-3	-2.319E-2	-1.495E-2
1.157E+2	-3.113E-2	-3.052E-3	-1.923E-2	-1.495E-2
1.159E+2	-3.326E-2	-2.747E-3	-1.526E-2	-1.068E-2
1.161E+2	-3.571E-2	-1.831E-3	-2.014E-2	-1.343E-2
1.163E+2	-3.052E-2	-1.831E-3	-1.709E-2	-1.221E-2
1.165E+2	-3.571E-2	6.104E-4	-2.747E-2	-9.155E-3
1.167E+2	-3.815E-2	1.526E-3	-2.869E-2	-1.526E-2
1.169E+2	-3.143E-2	-3.052E-4	-2.319E-2	-1.312E-2
1.171E+2	-3.265E-2	1.221E-3	-2.106E-2	-1.740E-2
1.173E+2	-3.937E-2	-3.052E-3	-2.533E-2	-9.460E-3
1.175E+2	-3.387E-2	-5.188E-3	-2.106E-2	-1.038E-2
1.177E+2	-3.387E-2	0.000E+0	-2.502E-2	-1.495E-2
1.179E+2	-3.510E-2	-2.441E-3	-2.106E-2	-6.409E-3
1.181E+2	-3.876E-2	-9.155E-4	-2.075E-2	-1.160E-2
1.183E+2	-3.479E-2	-5.798E-3	-1.831E-2	-1.648E-2
1.185E+2	-3.265E-2	2.441E-3	-1.434E-2	-1.251E-2
1.187E+2	-2.686E-2	0.000E+0	-1.770E-2	-8.850E-3
1.189E+2	-3.662E-2	-5.188E-3	-1.678E-2	-8.850E-3
1.191E+2	-3.754E-2	-3.052E-3	-2.350E-2	-1.251E-2
1.193E+2	-3.693E-2	-1.526E-3	-2.441E-2	-1.434E-2
1.195E+2	-4.303E-2	-3.662E-3	-2.350E-2	-1.587E-2
1.197E+2	-3.784E-2	-2.441E-3	-2.197E-2	-7.935E-3
1.199E+2	-3.662E-2	-1.526E-3	-2.441E-2	-5.798E-3
1.201E+2	-3.601E-2	-3.052E-3	-2.441E-2	-1.434E-2
1.203E+2	-3.571E-2	-9.155E-4	-2.350E-2	-1.770E-2
1.205E+2	-3.052E-2	-3.052E-4	-1.862E-2	-6.104E-3
1.207E+2	-3.906E-2	9.155E-4	-2.502E-2	-6.104E-3
1.209E+2	-3.876E-2	2.136E-3	-1.556E-2	-1.434E-2
1.211E+2	-3.662E-2	-1.831E-3	-1.953E-2	-1.862E-2
1.213E+2	-3.571E-2	1.526E-3	-2.075E-2	-8.850E-3
1.215E+2	-3.876E-2	-6.104E-4	-2.014E-2	-1.312E-2
1.217E+2	-4.150E-2	-1.526E-3	-2.563E-2	-1.862E-2
1.219E+2	-3.723E-2	1.221E-3	-1.892E-2	-1.312E-2
1.221E+2	-3.845E-2	-1.221E-3	-2.075E-2	-1.678E-2
1.223E+2	-4.425E-2	-4.272E-3	-1.923E-2	-1.465E-2
1.225E+2	-3.754E-2	-5.188E-3	-2.258E-2	-1.678E-2
1.227E+2	-4.028E-2	-6.104E-4	-2.228E-2	-1.862E-2
1.229E+2	-3.906E-2	-2.441E-3	-2.014E-2	-1.068E-2
1.231E+2	-4.089E-2	-6.104E-4	-2.167E-2	-7.324E-3
1.233E+2	-3.876E-2	-2.747E-3	-1.801E-2	-1.434E-2
1.235E+2	-4.303E-2	-1.221E-3	-2.014E-2	-1.404E-2
1.237E+2	-4.181E-2	-6.409E-3	-2.319E-2	-1.038E-2
1.239E+2	-4.272E-2	-3.967E-3	-2.747E-2	-1.190E-2
1.241E+2	-3.967E-2	-1.831E-3	-2.411E-2	-1.129E-2
1.243E+2	-4.364E-2	-2.747E-3	-2.136E-2	-1.282E-2
1.245E+2	-4.883E-2	-4.272E-3	-2.167E-2	-7.935E-3
1.247E+2	-4.425E-2	-9.155E-4	-2.502E-2	-1.282E-2
1.249E+2	-4.547E-2	-9.766E-3	-2.441E-2	-8.240E-3
1.251E+2	-5.219E-2	-7.324E-3	-2.258E-2	-7.019E-3
1.253E+2	-4.303E-2	-7.935E-3	-2.289E-2	-8.545E-3
1.255E+2	-4.456E-2	-7.019E-3	-2.075E-2	-1.221E-2
1.257E+2	-4.242E-2	-8.545E-3	-2.625E-2	-1.495E-2
1.259E+2	-4.700E-2	-7.629E-3	-2.533E-2	-1.099E-2
1.261E+2	-4.822E-2	-1.099E-2	-2.930E-2	-9.766E-3
1.263E+2	-4.456E-2	-3.052E-3	-3.235E-2	-4.883E-3
1.265E+2	-4.303E-2	-1.068E-2	-2.930E-2	-9.766E-3
1.267E+2	-4.547E-2	-6.714E-3	-2.716E-2	-1.282E-2
1.269E+2	-4.608E-2	-6.104E-3	-2.411E-2	-1.770E-2
1.271E+2	-4.913E-2	-5.188E-3	-2.533E-2	-1.282E-2
1.273E+2	-4.730E-2	-5.188E-3	-2.350E-2	-9.766E-3
1.275E+2	-4.944E-2	-7.019E-3	-2.747E-2	-1.801E-2
1.277E+2	-4.700E-2	-5.798E-3	-2.686E-2	-1.801E-2
1.279E+2	-4.639E-2	-8.240E-3	-2.380E-2	-1.587E-2
1.281E+2	-5.402E-2	-1.190E-2	-2.777E-2	-1.587E-2
1.283E+2	-5.035E-2	-5.798E-3	-2.716E-2	-1.465E-2
1.285E+2	-5.188E-2	-9.460E-3	-2.991E-2	-1.282E-2
1.287E+2	-5.646E-2	-1.282E-2	-2.960E-2	-1.526E-2
1.289E+2	-5.341E-2	-1.038E-2	-3.021E-2	-1.526E-2
1.291E+2	-4.974E-2	-6.104E-3	-3.143E-2	-1.404E-2
1.293E+2	-5.463E-2	-8.850E-3	-3.082E-2	-1.740E-2
1.295E+2	-5.188E-2	-1.190E-2	-3.082E-2	-1.709E-2
1.297E+2	-5.219E-2	-1.038E-2	-2.747E-2	-1.526E-2
1.299E+2	-5.859E-2	-1.038E-2	-3.204E-2	-2.258E-2
1.301E+2	-5.280E-2	-1.556E-2	-2.960E-2	-1.373E-2
1.303E+2	-5.371E-2	-8.545E-3	-2.960E-2	-1.984E-2
1.305E+2	-5.890E-2	-1.007E-2	-3.021E-2	-2.106E-2
1.307E+2	-5.096E-2	-1.495E-2	-2.869E-2	-1.099E-2
1.309E+2	-5.890E-2	-1.221E-2	-3.601E-2	-1.892E-2
1.311E+2	-5.615E-2	-1.282E-2	-1.801E-2	-2.014E-2
1.313E+2	-5.920E-2	-1.251E-2	-3.326E-2	-1.312E-2
1.315E+2	-5.524E-2	-1.526E-2	-2.930E-2	-8.545E-3
1.317E+2	-6.165E-2	-1.770E-2	-3.113E-2	-1.434E-2
1.319E+2	-6.226E-2	-1.343E-2	-2.960E-2	-1.160E-2
1.321E+2	-5.737E-2	-1.343E-2	-3.052E-2	-1.434E-2
1.323E+2	-5.737E-2	-1.740E-2	-2.716E-2	-1.129E-2
1.325E+2	-6.165E-2	-1.282E-2	-3.052E-2	-2.502E-2
1.327E+2	-6.714E-2	-1.373E-2	-3.265E-2	-2.747E-2
1.329E+2	-6.226E-2	-1.068E-2	-3.143E-2	-1.709E-2
1.331E+2	-6.653E-2	-1.740E-2	-3.143E-2	-1.556E-2
1.333E+2	-7.172E-2	-1.373E-2	-3.113E-2	-1.373E-2
1.335E+2	-6.439E-2	-1.587E-2	-3.571E-2	-1.312E-2
1.337E+2	-6.317E-2	-1.678E-2	-3.693E-2	-1.587E-2
1.339E+2	-6.439E-2	-1.862E-2	-3.510E-2	-9.460E-3
1.341E+2	-6.439E-2	-1.892E-2	-2.594E-2	-1.923E-2
1.343E+2	-7.294E-2	-2.289E-2	-3.052E-2	-1.495E-2
1.345E+2	-6.561E-2	-1.984E-2	-3.510E-2	-5.188E-3
1.347E+2	-6.592E-2	-1.770E-2	-3.784E-2	-2.167E-2
1.349E+2	-7.233E-2	-1.923E-2	-3.052E-2	-1.801E-2
1.351E+2	-6.866E-2	-1.862E-2	-3.540E-2	-1.617E-2
1.353E+2	-7.202E-2	-2.045E-2	-3.754E-2	-1.617E-2
1.355E+2	-7.538E-2	-2.136E-2	-3.815E-2	-2.045E-2
1.357E+2	-7.263E-2	-1.892E-2	-3.448E-2	-1.801E-2
1.359E+2	-7.294E-2	-2.014E-2	-3.510E-2	-2.106E-2
1.361E+2	-7.324E-2	-2.106E-2	-3.632E-2	-1.709E-2
1.363E+2	-7.751E-2	-2.502E-2	-3.632E-2	-2.136E-2
1.365E+2	-7.843E-2	-2.472E-2	-3.479E-2	-1.862E-2
1.367E+2	-7.843E-2	-2.594E-2	-3.784E-2	-1.678E-2
1.369E+2	-7.965E-2	-2.747E-2	-3.296E-2	-2.350E-2
1.371E+2	-7.721E-2	-2.380E-2	-3.876E-2	-2.197E-2
1.373E+2	-7.660E-2	-2.899E-2	-3.601E-2	-2.106E-2
1.375E+2	-7.477E-2	-2.716E-2	-3.265E-2	-1.953E-2
1.377E+2	-7.965E-2	-2.319E-2	-4.181E-2	-2.197E-2
1.379E+2	-7.965E-2	-2.289E-2	-4.395E-2	-2.106E-2
1.381E+2	-7.812E-2	-3.265E-2	-3.937E-2	-2.106E-2
1.383E+2	-7.935E-2	-3.021E-2	-4.089E-2	-1.984E-2
1.385E+2	-8.301E-2	-3.387E-2	-4.333E-2	-2.319E-2
1.387E+2	-8.240E-2	-3.174E-2	-4.547E-2	-1.587E-2
1.389E+2	-7.996E-2	-3.540E-2	-4.639E-2	-2.289E-2
1.391E+2	-8.606E-2	-2.716E-2	-4.181E-2	-2.747E-2
1.393E+2	-7.538E-2	-3.326E-2	-3.967E-2	-2.472E-2
1.395E+2	-8.789E-2	-2.899E-2	-4.425E-2	-2.228E-2
1.397E+2	-8.392E-2	-3.296E-2	-3.784E-2	-1.465E-2
1.399E+2	-8.362E-2	-3.265E-2	-4.333E-2	-2.502E-2
1.401E+2	-8.575E-2	-3.876E-2	-4.364E-2	-2.960E-2
1.403E+2	-8.728E-2	-3.937E-2	-4.578E-2	-2.136E-2
1.405E+2	-8.514E-2	-3.357E-2	-4.364E-2	-2.747E-2
1.407E+2	-9.033E-2	-3.815E-2	-4.395E-2	-2.167E-2
1.409E+2	-8.881E-2	-3.784E-2	-3.967E-2	-3.052E-2
1.411E+2	-8.911E-2	-4.120E-2	-4.456E-2	-3.143E-2
1.413E+2	-9.369E-2	-3.448E-2	-4.486E-2	-2.167E-2
1.415E+2	-8.667E-2	-4.425E-2	-4.578E-2	-2.625E-2
1.417E+2	-8.911E-2	-4.517E-2	-4.425E-2	-2.686E-2
1.419E+2	-9.491E-2	-4.242E-2	-4.364E-2	-3.418E-2
1.421E+2	-9.247E-2	-4.272E-2	-5.005E-2	-2.289E-2
1.423E+2	-9.064E-2	-4.547E-2	-5.127E-2	-2.350E-2
1.425E+2	-9.033E-2	-4.211E-2	-5.310E-2	-2.991E-2
1.427E+2	-9.125E-2	-4.211E-2	-4.944E-2	-3.235E-2
1.429E+2	-9.430E-2	-3.998E-2	-5.096E-2	-3.143E-2
1.431E+2	-9.399E-2	-4.333E-2	-5.646E-2	-3.143E-2
1.433E+2	-9.460E-2	-4.608E-2	-5.249E-2	-2.716E-2
1.435E+2	-9.735E-2	-5.035E-2	-5.371E-2	-3.143E-2
1.437E+2	-8.942E-2	-4.639E-2	-5.280E-2	-2.991E-2
1.439E+2	-9.491E-2	-4.791E-2	-5.493E-2	-2.747E-2
1.441E+2	-9.247E-2	-4.883E-2	-5.402E-2	-3.601E-2
1.443E+2	-9.583E-2	-5.157E-2	-5.005E-2	-3.204E-2
1.445E+2	-9.094E-2	-4.974E-2	-6.104E-2	-3.113E-2
1.447E+2	-9.155E-2	-5.127E-2	-5.035E-2	-3.235E-2
1.449E+2	-9.399E-2	-5.127E-2	-6.104E-2	-2.533E-2
1.451E+2	-9.064E-2	-4.395E-2	-6.165E-2	-3.082E-2
1.453E+2	-9.674E-2	-5.035E-2	-5.768E-2	-3.387E-2
1.455E+2	-9.552E-2	-5.524E-2	-6.531E-2	-3.601E-2
1.457E+2	-9.033E-2	-5.188E-2	-6.195E-2	-3.448E-2
1.459E+2	-9.277E-2	-5.157E-2	-6.226E-2	-3.235E-2
1.461E+2	-9.430E-2	-5.280E-2	-6.042E-2	-2.777E-2
1.463E+2	-9.155E-2	-5.463E-2	-6.470E-2	-3.540E-2
1.465E+2	-9.491E-2	-5.219E-2	-6.042E-2	-4.059E-2
1.467E+2	-9.247E-2	-5.188E-2	-6.653E-2	-3.815E-2
1.469E+2	-9.552E-2	-5.890E-2	-6.622E-2	-3.998E-2
1.471E+2	-9.155E-2	-5.737E-2	-6.714E-2	-3.784E-2
1.473E+2	-9.064E-2	-5.768E-2	-6.714E-2	-3.845E-2
1.475E+2	-9.003E-2	-6.195E-2	-6.714E-2	-4.181E-2
1.477E+2	-8.850E-2	-6.012E-2	-6.866E-2	-3.632E-2
1.479E+2	-8.789E-2	-5.951E-2	-6.836E-2	-4.120E-2
1.481E+2	-8.972E-2	-6.104E-2	-7.050E-2	-4.303E-2
1.483E+2	-8.942E-2	-5.402E-2	-6.897E-2	-3.723E-2
1.485E+2	-8.911E-2	-6.592E-2	-6.714E-2	-3.601E-2
1.487E+2	-8.636E-2	-6.195E-2	-6.836E-2	-4.120E-2
1.489E+2	-8.942E-2	-6.012E-2	-7.538E-2	-3.876E-2
1.491E+2	-8.636E-2	-6.348E-2	-6.958E-2	-4.486E-2
1.493E+2	-8.423E-2	-6.378E-2	-6.866E-2	-4.303E-2
1.495E+2	-8.820E-2	-6.256E-2	-7.294E-2	-4.700E-2
1.497E+2	-8.545E-2	-6.317E-2	-7.446E-2	-4.456E-2
1.499E+2	-8.026E-2	-6.805E-2	-7.843E-2	-4.913E-2
1.501E+2	-8.087E-2	-6.714E-2	-7.385E-2	-3.906E-2
1.503E+2	-8.545E-2	-6.622E-2	-8.087E-2	-4.822E-2
1.505E+2	-8.270E-2	-7.172E-2	-8.148E-2	-5.249E-2
1.507E+2	-7.721E-2	-6.866E-2	-7.965E-2	-4.852E-2
1.509E+2	-7.202E-2	-6.866E-2	-7.202E-2	-4.578E-2
1.511E+2	-8.331E-2	-6.897E-2	-7.690E-2	-4.517E-2
1.513E+2	-8.057E-2	-6.744E-2	-8.179E-2	-5.280E-2
1.515E+2	-7.660E-2	-7.050E-2	-7.904E-2	-5.280E-2
1.517E+2	-7.843E-2	-6.866E-2	-7.935E-2	-5.035E-2
1.519E+2	-7.416E-2	-6.561E-2	-8.026E-2	-4.883E-2
1.521E+2	-6.897E-2	-6.805E-2	-8.057E-2	-5.432E-2
1.523E+2	-7.172E-2	-6.775E-2	-8.301E-2	-5.341E-2
1.525E+2	-6.958E-2	-6.897E-2	-8.789E-2	-5.005E-2
1.527E+2	-7.080E-2	-7.050E-2	-8.331E-2	-5.707E-2
1.529E+2	-7.111E-2	-7.050E-2	-8.698E-2	-5.676E-2
1.531E+2	-6.836E-2	-6.866E-2	-8.911E-2	-5.646E-2
1.533E+2	-6.744E-2	-6.683E-2	-8.301E-2	-6.470E-2
1.534E+2	-6.592E-2	-6.683E-2	-8.698E-2	-6.439E-2
1.537E+2	-6.439E-2	-6.287E-2	-8.820E-2	-5.798E-2
1.539E+2	-6.073E-2	-6.836E-2	-8.881E-2	-5.493E-2
1.541E+2	-6.042E-2	-7.080E-2	-9.247E-2	-6.012E-2
1.543E+2	-5.829E-2	-6.836E-2	-9.064E-2	-5.615E-2
1.545E+2	-6.104E-2	-6.836E-2	-8.881E-2	-6.195E-2
1.547E+2	-5.951E-2	-7.111E-2	-8.911E-2	-6.104E-2
1.549E+2	-5.554E-2	-5.981E-2	-9.155E-2	-6.805E-2
1.551E+2	-5.737E-2	-6.317E-2	-9.064E-2	-6.500E-2
1.553E+2	-5.615E-2	-6.348E-2	-9.460E-2	-6.989E-2
1.555E+2	-5.493E-2	-6.561E-2	-9.033E-2	-7.294E-2
1.557E+2	-4.822E-2	-6.134E-2	-9.491E-2	-6.683E-2
1.559E+2	-5.096E-2	-6.500E-2	-9.247E-2	-6.622E-2
1.561E+2	-5.127E-2	-5.951E-2	-9.247E-2	-6.378E-2
1.563E+2	-5.157E-2	-6.012E-2	-9.277E-2	-6.897E-2
1.565E+2	-4.730E-2	-5.676E-2	-8.881E-2	-7.019E-2
1.567E+2	-4.913E-2	-6.165E-2	-9.186E-2	-6.958E-2
1.569E+2	-4.333E-2	-5.585E-2	-8.820E-2	-7.568E-2
1.571E+2	-4.364E-2	-5.554E-2	-8.911E-2	-7.690E-2
1.572E+2	-4.852E-2	-5.981E-2	-9.399E-2	-7.568E-2
1.575E+2	-4.974E-2	-5.981E-2	-9.460E-2	-7.050E-2
1.577E+2	-4.486E-2	-5.341E-2	-9.216E-2	-7.233E-2
1.579E+2	-3.967E-2	-5.585E-2	-9.094E-2	-7.782E-2
1.581E+2	-4.456E-2	-5.737E-2	-9.064E-2	-7.263E-2
1.582E+2	-4.486E-2	-4.883E-2	-9.064E-2	-7.904E-2
1.585E+2	-4.089E-2	-5.066E-2	-9.491E-2	-7.904E-2
1.587E+2	-3.937E-2	-5.035E-2	-9.247E-2	-8.423E-2
1.589E+2	-4.303E-2	-5.066E-2	-9.033E-2	-8.423E-2
1.591E+2	-4.181E-2	-4.883E-2	-9.003E-2	-7.538E-2
1.592E+2	-3.418E-2	-4.730E-2	-9.003E-2	-7.416E-2
1.595E+2	-4.150E-2	-4.333E-2	-9.491E-2	-7.965E-2
1.597E+2	-3.967E-2	-4.822E-2	-9.186E-2	-7.904E-2
1.599E+2	-3.723E-2	-4.211E-2	-9.247E-2	-7.874E-2
1.601E+2	-3.784E-2	-4.028E-2	-9.125E-2	-8.423E-2
1.603E+2	-3.723E-2	-3.937E-2	-9.338E-2	-7.935E-2
1.605E+2	-3.326E-2	-3.937E-2	-9.338E-2	-8.148E-2
1.607E+2	-3.906E-2	-4.333E-2	-9.186E-2	-7.812E-2
1.609E+2	-3.113E-2	-3.967E-2	-9.247E-2	-8.606E-2
1.611E+2	-3.845E-2	-3.906E-2	-9.003E-2	-8.636E-2
1.612E+2	-3.479E-2	-3.632E-2	-8.453E-2	-8.179E-2
1.614E+2	-2.991E-2	-3.815E-2	-8.484E-2	-7.935E-2
1.616E+2	-3.357E-2	-2.747E-2	-8.545E-2	-8.331E-2
1.619E+2	-3.357E-2	-3.387E-2	-8.667E-2	-8.362E-2
1.621E+2	-2.930E-2	-3.082E-2	-8.514E-2	-8.057E-2
1.623E+2	-2.655E-2	-2.594E-2	-8.270E-2	-8.698E-2
1.625E+2	-3.540E-2	-3.113E-2	-8.789E-2	-8.331E-2
1.627E+2	-3.265E-2	-2.991E-2	-8.881E-2	-8.850E-2
1.629E+2	-3.113E-2	-2.991E-2	-8.026E-2	-8.545E-2
1.631E+2	-2.533E-2	-2.594E-2	-8.362E-2	-8.789E-2
1.633E+2	-3.052E-2	-2.533E-2	-8.057E-2	-8.545E-2
1.635E+2	-3.204E-2	-2.869E-2	-8.148E-2	-8.331E-2
1.637E+2	-3.357E-2	-2.197E-2	-7.477E-2	-8.636E-2
1.638E+2	-2.777E-2	-2.350E-2	-7.172E-2	-8.514E-2
1.640E+2	-2.930E-2	-1.892E-2	-7.996E-2	-8.179E-2
1.642E+2	-2.747E-2	-1.862E-2	-8.270E-2	-8.911E-2
1.644E+2	-2.411E-2	-2.411E-2	-7.721E-2	-9.216E-2
1.646E+2	-2.869E-2	-1.984E-2	-7.965E-2	-9.003E-2
1.648E+2	-3.082E-2	-1.984E-2	-7.416E-2	-8.759E-2
1.651E+2	-2.441E-2	-1.862E-2	-6.744E-2	-8.545E-2
1.652E+2	-2.991E-2	-2.075E-2	-7.294E-2	-8.881E-2
1.654E+2	-2.716E-2	-2.075E-2	-7.202E-2	-8.392E-2
1.657E+2	-1.984E-2	-1.617E-2	-6.378E-2	-8.514E-2
1.659E+2	-2.777E-2	-1.343E-2	-7.019E-2	-8.606E-2
1.661E+2	-2.777E-2	-1.343E-2	-6.958E-2	-8.545E-2
1.663E+2	-2.899E-2	-1.434E-2	-6.989E-2	-8.240E-2
1.665E+2	-2.960E-2	-1.221E-2	-6.744E-2	-8.301E-2
1.667E+2	-3.052E-2	-8.240E-3	-6.165E-2	-8.423E-2
1.669E+2	-2.380E-2	-1.129E-2	-6.012E-2	-8.301E-2
1.671E+2	-2.228E-2	-1.190E-2	-6.042E-2	-8.606E-2
1.673E+2	-2.411E-2	-1.160E-2	-6.653E-2	-7.935E-2
1.674E+2	-2.686E-2	-1.221E-2	-6.714E-2	-8.301E-2
1.676E+2	-2.838E-2	-1.251E-2	-5.920E-2	-8.118E-2
1.678E+2	-2.380E-2	-1.038E-2	-5.859E-2	-7.996E-2
1.680E+2	-2.625E-2	-1.495E-2	-6.348E-2	-7.568E-2
1.682E+2	-2.808E-2	-4.883E-3	-5.737E-2	-8.270E-2
1.684E+2	-2.625E-2	-9.155E-3	-5.798E-2	-8.148E-2
1.686E+2	-3.113E-2	-1.129E-2	-5.798E-2	-8.118E-2
1.688E+2	-2.655E-2	-1.038E-2	-5.402E-2	-7.965E-2
1.690E+2	-2.106E-2	-3.662E-3	-5.676E-2	-7.233E-2
1.692E+2	-2.502E-2	9.155E-4	-5.096E-2	-7.904E-2
1.694E+2	-2.319E-2	-7.629E-3	-4.028E-2	-7.629E-2
1.696E+2	-2.411E-2	-6.409E-3	-4.669E-2	-7.141E-2
1.698E+2	-2.533E-2	-1.526E-3	-5.371E-2	-7.599E-2
1.700E+2	-2.533E-2	-3.662E-3	-4.913E-2	-7.782E-2
1.702E+2	-2.777E-2	-2.441E-3	-5.157E-2	-6.958E-2
1.704E+2	-2.686E-2	-6.104E-3	-5.310E-2	-7.385E-2
1.706E+2	-2.930E-2	-7.324E-3	-4.517E-2	-6.714E-2
1.708E+2	-2.350E-2	6.104E-4	-4.395E-2	-7.599E-2
1.710E+2	-2.899E-2	-5.798E-3	-4.517E-2	-7.080E-2
1.712E+2	-2.747E-2	-4.272E-3	-4.730E-2	-7.141E-2
1.714E+2	-2.594E-2	-1.221E-3	-4.181E-2	-6.927E-2
1.716E+2	-2.777E-2	-6.714E-3	-4.333E-2	-6.927E-2
1.718E+2	-2.899E-2	-4.883E-3	-4.669E-2	-6.622E-2
1.721E+2	-2.533E-2	0.000E+0	-4.181E-2	-6.439E-2
1.723E+2	-2.808E-2	-1.831E-3	-3.967E-2	-6.500E-2
1.725E+2	-2.441E-2	0.000E+0	-3.723E-2	-6.042E-2
1.726E+2	-2.441E-2	-4.578E-3	-3.723E-2	-6.012E-2
1.728E+2	-2.716E-2	-4.578E-3	-3.876E-2	-6.287E-2
1.731E+2	-2.533E-2	-1.221E-3	-3.723E-2	-5.646E-2
1.732E+2	-2.533E-2	-2.441E-3	-3.540E-2	-5.859E-2
1.734E+2	-2.747E-2	6.104E-4	-3.845E-2	-5.951E-2
1.736E+2	-2.472E-2	-5.188E-3	-3.693E-2	-4.944E-2
1.738E+2	-2.472E-2	-2.441E-3	-3.632E-2	-5.463E-2
1.741E+2	-3.021E-2	-1.221E-3	-3.418E-2	-5.890E-2
1.742E+2	-2.502E-2	-9.155E-4	-3.540E-2	-5.432E-2
1.745E+2	-2.258E-2	4.883E-3	-3.326E-2	-4.730E-2
1.746E+2	-2.838E-2	2.747E-3	-3.510E-2	-4.456E-2
1.748E+2	-2.747E-2	-1.221E-3	-3.540E-2	-5.157E-2
1.751E+2	-2.380E-2	2.136E-3	-3.448E-2	-5.035E-2
1.752E+2	-2.686E-2	-2.747E-3	-3.204E-2	-4.822E-2
1.754E+2	-2.930E-2	-1.831E-3	-2.869E-2	-5.219E-2
1.757E+2	-2.411E-2	2.441E-3	-2.960E-2	-4.761E-2
1.759E+2	-2.502E-2	9.155E-4	-2.930E-2	-4.913E-2
1.761E+2	-2.655E-2	2.136E-3	-3.510E-2	-5.096E-2
1.763E+2	-3.235E-2	-2.441E-3	-3.143E-2	-5.524E-2
1.764E+2	-2.930E-2	9.155E-4	-2.991E-2	-4.822E-2
1.766E+2	-2.441E-2	2.136E-3	-3.265E-2	-4.639E-2
1.768E+2	-2.655E-2	1.221E-3	-2.563E-2	-3.265E-2
1.770E+2	-2.808E-2	-6.104E-4	-2.533E-2	-3.479E-2
1.772E+2	-2.319E-2	2.747E-3	-3.174E-2	-4.211E-2
1.774E+2	-2.625E-2	0.000E+0	-3.265E-2	-4.059E-2
1.777E+2	-2.289E-2	4.578E-3	-2.747E-2	-3.265E-2
1.779E+2	-3.021E-2	-2.747E-3	-2.502E-2	-3.845E-2
1.781E+2	-3.021E-2	1.831E-3	-2.625E-2	-3.967E-2
1.782E+2	-2.747E-2	1.526E-3	-2.869E-2	-4.059E-2
1.784E+2	-2.686E-2	-1.221E-3	-2.350E-2	-3.784E-2
1.786E+2	-2.319E-2	3.357E-3	-2.533E-2	-3.540E-2
1.788E+2	-3.113E-2	9.155E-4	-2.502E-2	-3.448E-2
1.790E+2	-2.594E-2	3.357E-3	-2.777E-2	-2.838E-2
1.792E+2	-2.563E-2	-6.104E-4	-2.716E-2	-2.716E-2
1.794E+2	-3.052E-2	-3.967E-3	-2.655E-2	-2.899E-2
1.797E+2	-2.502E-2	6.104E-3	-2.014E-2	-2.930E-2
1.799E+2	-2.686E-2	1.221E-3	-2.228E-2	-3.571E-2
1.801E+2	-2.747E-2	3.662E-3	-2.441E-2	-2.777E-2
1.802E+2	-1.984E-2	3.357E-3	-1.923E-2	-2.625E-2
1.804E+2	-2.686E-2	3.052E-3	-2.411E-2	-2.899E-2
1.806E+2	-2.533E-2	2.136E-3	-2.472E-2	-2.655E-2
1.808E+2	-2.716E-2	4.578E-3	-2.228E-2	-2.686E-2
1.810E+2	-2.686E-2	3.052E-3	-1.648E-2	-2.747E-2
1.812E+2	-2.533E-2	3.052E-4	-2.136E-2	-2.502E-2
1.814E+2	-2.472E-2	1.831E-3	-2.319E-2	-2.747E-2
1.816E+2	-2.502E-2	5.188E-3	-2.716E-2	-2.441E-2
1.818E+2	-3.113E-2	6.104E-4	-2.014E-2	-2.441E-2
1.821E+2	-2.960E-2	6.104E-4	-2.319E-2	-2.899E-2
1.822E+2	-2.106E-2	6.104E-4	-2.472E-2	-2.289E-2
1.824E+2	-2.838E-2	9.155E-4	-2.167E-2	-2.136E-2
1.826E+2	-2.747E-2	0.000E+0	-1.831E-2	-2.014E-2
1.828E+2	-2.808E-2	2.136E-3	-2.380E-2	-1.740E-2
1.830E+2	-2.655E-2	3.662E-3	-2.289E-2	-2.838E-2
1.832E+2	-2.411E-2	2.441E-3	-2.197E-2	-1.831E-2
1.834E+2	-2.930E-2	-2.441E-3	-2.167E-2	-2.045E-2
1.836E+2	-2.869E-2	4.883E-3	-2.106E-2	-1.617E-2
1.838E+2	-2.533E-2	1.831E-3	-1.984E-2	-2.075E-2
1.841E+2	-3.082E-2	3.357E-3	-2.228E-2	-2.380E-2
1.842E+2	-3.021E-2	3.052E-3	-2.228E-2	-2.472E-2
1.844E+2	-2.747E-2	3.052E-4	-2.014E-2	-1.617E-2
1.846E+2	-2.655E-2	3.662E-3	-1.923E-2	-1.617E-2
1.848E+2	-2.441E-2	3.967E-3	-2.197E-2	-1.678E-2
1.850E+2	-3.021E-2	-3.052E-4	-2.228E-2	-1.892E-2
1.852E+2	-2.319E-2	4.578E-3	-2.075E-2	-1.312E-2
1.854E+2	-2.625E-2	9.155E-4	-2.136E-2	-1.862E-2
1.856E+2	-2.686E-2	0.000E+0	-2.197E-2	-1.556E-2
1.858E+2	-2.686E-2	-2.441E-3	-2.106E-2	-1.770E-2
1.861E+2	-2.319E-2	0.000E+0	-2.502E-2	-1.129E-2
1.862E+2	-2.930E-2	0.000E+0	-2.808E-2	-1.404E-2
1.864E+2	-3.387E-2	2.441E-3	-2.380E-2	-1.434E-2
1.866E+2	-2.808E-2	3.052E-3	-1.923E-2	-2.075E-2
1.868E+2	-2.808E-2	9.155E-4	-2.075E-2	-1.587E-2
1.871E+2	-2.380E-2	-6.104E-4	-2.228E-2	-1.404E-2
1.872E+2	-2.686E-2	3.052E-3	-1.953E-2	-1.099E-2
1.874E+2	-2.350E-2	2.441E-3	-2.380E-2	-1.190E-2
1.876E+2	-2.991E-2	-2.136E-3	-2.502E-2	-1.587E-2
1.878E+2	-2.686E-2	-3.052E-4	-1.678E-2	-2.319E-2
1.881E+2	-2.808E-2	2.747E-3	-1.862E-2	-1.556E-2
1.882E+2	-2.991E-2	1.221E-3	-1.709E-2	-1.495E-2
1.884E+2	-2.655E-2	4.272E-3	-2.167E-2	-1.007E-2
1.886E+2	-3.143E-2	1.526E-3	-2.228E-2	-1.892E-2
1.888E+2	-2.899E-2	3.662E-3	-1.556E-2	-1.404E-2
1.890E+2	-3.326E-2	3.052E-4	-1.801E-2	-1.282E-2
1.892E+2	-2.472E-2	4.578E-3	-2.472E-2	-1.129E-2
1.894E+2	-3.143E-2	1.831E-3	-2.411E-2	-9.155E-3
1.896E+2	-2.136E-2	3.662E-3	-2.014E-2	-1.831E-2
1.898E+2	-2.869E-2	-9.155E-4	-1.923E-2	-1.129E-2
1.900E+2	-2.991E-2	1.831E-3	-2.197E-2	-1.831E-2
1.902E+2	-2.533E-2	-1.221E-3	-2.258E-2	-1.617E-2
1.904E+2	-3.296E-2	0.000E+0	-2.045E-2	-1.953E-2
1.906E+2	-2.808E-2	0.000E+0	-2.197E-2	-1.404E-2
1.908E+2	-2.655E-2	-2.136E-3	-2.563E-2	-1.404E-2
1.910E+2	-3.693E-2	-9.155E-4	-1.923E-2	-1.129E-2
1.912E+2	-2.777E-2	1.526E-3	-2.106E-2	-1.373E-2
1.914E+2	-3.174E-2	3.052E-3	-2.380E-2	-1.404E-2
1.916E+2	-2.960E-2	2.136E-3	-2.289E-2	-1.251E-2
1.918E+2	-3.754E-2	4.883E-3	-2.136E-2	-1.099E-2
1.921E+2	-2.533E-2	2.136E-3	-2.136E-2	-1.526E-2
1.922E+2	-2.625E-2	-6.104E-4	-2.350E-2	-1.190E-2
1.924E+2	-2.777E-2	1.831E-3	-2.228E-2	-1.404E-2
1.926E+2	-2.655E-2	-3.052E-4	-1.953E-2	-6.409E-3
1.928E+2	-2.930E-2	-9.155E-4	-2.197E-2	-1.129E-2
1.930E+2	-2.838E-2	3.052E-3	-1.801E-2	-1.282E-2
1.932E+2	-3.143E-2	1.526E-3	-2.075E-2	-8.545E-3
1.934E+2	-3.143E-2	-9.155E-4	-2.014E-2	-3.967E-3
1.936E+2	-2.991E-2	9.155E-4	-1.831E-2	-8.545E-3
1.938E+2	-3.082E-2	2.441E-3	-1.923E-2	-1.587E-2
1.940E+2	-2.991E-2	1.221E-3	-1.984E-2	-1.099E-2
1.942E+2	-2.930E-2	4.272E-3	-1.923E-2	-1.160E-2
1.944E+2	-2.930E-2	-9.155E-4	-1.831E-2	-1.007E-2
1.946E+2	-2.747E-2	4.272E-3	-1.801E-2	-1.709E-2
1.948E+2	-3.265E-2	3.052E-4	-2.411E-2	-4.883E-3
1.950E+2	-2.838E-2	-2.441E-3	-2.167E-2	-7.019E-3
1.952E+2	-2.991E-2	6.714E-3	-2.014E-2	-1.190E-2
1.954E+2	-2.625E-2	2.441E-3	-2.289E-2	-1.160E-2
1.956E+2	-2.869E-2	1.831E-3	-2.380E-2	-1.434E-2
1.958E+2	-2.289E-2	4.578E-3	-2.319E-2	-6.104E-3
1.960E+2	-3.326E-2	0.000E+0	-2.869E-2	-1.068E-2
1.962E+2	-2.960E-2	6.104E-4	-2.197E-2	-1.495E-2
1.964E+2	-3.082E-2	5.188E-3	-1.953E-2	-1.770E-2
1.966E+2	-2.716E-2	1.831E-3	-1.862E-2	-1.038E-2
1.968E+2	-2.777E-2	9.155E-4	-2.319E-2	-9.155E-3
1.970E+2	-2.594E-2	-6.104E-4	-2.289E-2	-1.312E-2
1.972E+2	-2.869E-2	6.104E-4	-1.801E-2	-1.221E-2
1.974E+2	-3.387E-2	6.104E-3	-2.747E-2	-1.129E-2
1.976E+2	-2.991E-2	0.000E+0	-2.319E-2	-1.343E-2
1.978E+2	-3.143E-2	2.136E-3	-2.777E-2	-1.221E-2
1.980E+2	-2.197E-2	2.441E-3	-1.953E-2	-1.465E-2
1.982E+2	-2.655E-2	2.747E-3	-1.770E-2	-7.629E-3
1.984E+2	-2.838E-2	-1.221E-3	-2.197E-2	-1.312E-2
1.986E+2	-2.869E-2	9.155E-4	-2.136E-2	-1.129E-2
1.988E+2	-2.777E-2	-1.526E-3	-2.197E-2	-1.282E-2
1.990E+2	-2.655E-2	2.136E-3	-2.106E-2	-9.460E-3
1.992E+2	-2.075E-2	2.136E-3	-1.648E-2	-9.155E-3
1.994E+2	-2.686E-2	0.000E+0	-2.350E-2	-1.617E-2
1.996E+2	-2.899E-2	2.136E-3	-2.289E-2	-7.935E-3
1.998E+2	-2.533E-2	-6.104E-4	-2.319E-2	-1.373E-2
2.000E+2	-2.563E-2	-1.831E-3	-1.678E-2	-9.460E-3
2.002E+2	-2.380E-2	2.441E-3	-2.258E-2	-3.967E-3
2.004E+2	-2.899E-2	1.526E-3	-2.411E-2	-9.155E-3
2.006E+2	-2.899E-2	2.747E-3	-2.350E-2	-1.099E-2
2.008E+2	-2.747E-2	9.155E-4	-2.380E-2	-5.798E-3
2.010E+2	-3.082E-2	9.155E-4	-2.258E-2	-1.434E-2
2.012E+2	-3.021E-2	2.441E-3	-2.777E-2	-1.587E-2
2.014E+2	-2.472E-2	3.662E-3	-2.350E-2	-1.129E-2
2.016E+2	-2.808E-2	-9.155E-4	-1.984E-2	-1.312E-2
2.018E+2	-2.472E-2	-1.831E-3	-1.953E-2	-6.714E-3
2.020E+2	-2.594E-2	3.662E-3	-2.106E-2	-8.240E-3
2.022E+2	-2.777E-2	2.136E-3	-2.014E-2	-1.434E-2
2.024E+2	-3.021E-2	-1.221E-3	-2.563E-2	-9.155E-3
2.026E+2	-2.472E-2	1.221E-3	-2.167E-2	-1.282E-2
2.028E+2	-2.747E-2	1.831E-3	-2.319E-2	-1.373E-2
2.030E+2	-2.686E-2	1.831E-3	-2.289E-2	-1.343E-2
2.032E+2	-2.625E-2	2.441E-3	-2.106E-2	-9.766E-3
2.034E+2	-3.052E-2	-1.831E-3	-1.892E-2	-1.160E-2
2.036E+2	-2.502E-2	1.221E-3	-2.014E-2	-9.155E-3
2.038E+2	-2.960E-2	1.526E-3	-2.258E-2	-1.404E-2
2.040E+2	-2.869E-2	3.662E-3	-2.197E-2	-1.617E-2
2.042E+2	-2.319E-2	2.136E-3	-1.740E-2	-8.545E-3
2.044E+2	-2.899E-2	-3.052E-4	-2.319E-2	-1.190E-2
2.046E+2	-2.686E-2	1.221E-3	-1.984E-2	-8.545E-3
2.048E+2	-2.625E-2	3.967E-3	-1.984E-2	-1.160E-2
2.050E+2	-2.808E-2	1.831E-3	-2.258E-2	-9.766E-3
2.052E+2	-2.350E-2	1.831E-3	-2.533E-2	-8.240E-3
2.054E+2	-2.380E-2	3.662E-3	-1.923E-2	-1.068E-2
2.056E+2	-2.563E-2	2.136E-3	-2.106E-2	-1.160E-2
2.058E+2	-2.441E-2	9.155E-4	-2.106E-2	-1.099E-2
2.060E+2	-2.899E-2	2.136E-3	-2.228E-2	-1.068E-2
2.062E+2	-2.472E-2	1.068E-2	-2.350E-2	-8.850E-3
2.064E+2	-2.686E-2	3.052E-3	-2.136E-2	-6.104E-3
2.066E+2	-3.021E-2	-1.221E-3	-2.197E-2	-1.282E-2
2.068E+2	-2.960E-2	-3.052E-4	-2.075E-2	-1.129E-2
2.070E+2	-2.289E-2	2.747E-3	-2.045E-2	-6.104E-3
2.072E+2	-2.930E-2	1.221E-3	-1.892E-2	-1.038E-2
2.074E+2	-2.899E-2	-1.526E-3	-1.892E-2	-1.495E-2
2.076E+2	-3.082E-2	4.578E-3	-2.350E-2	-1.678E-2
2.078E+2	-2.747E-2	0.000E+0	-1.984E-2	-7.935E-3
2.080E+2	-2.869E-2	4.883E-3	-2.136E-2	-1.068E-2
2.082E+2	-2.655E-2	-6.104E-4	-1.678E-2	-1.526E-2
2.084E+2	-3.021E-2	3.052E-4	-2.167E-2	-8.545E-3
2.086E+2	-2.777E-2	3.357E-3	-2.289E-2	-7.629E-3
2.088E+2	-2.808E-2	1.831E-3	-1.831E-2	-2.136E-3
2.090E+2	-2.686E-2	4.578E-3	-2.350E-2	-5.188E-3
2.092E+2	-2.655E-2	-3.052E-4	-1.770E-2	-9.155E-3
2.094E+2	-2.838E-2	3.052E-3	-2.106E-2	-6.714E-3
2.096E+2	-2.747E-2	3.967E-3	-2.228E-2	-1.129E-2
2.098E+2	-2.777E-2	3.662E-3	-1.587E-2	-9.155E-4
2.100E+2	-2.869E-2	-2.136E-3	-1.587E-2	-8.545E-3
2.102E+2	-3.235E-2	-3.357E-3	-1.801E-2	-7.629E-3
2.104E+2	-2.502E-2	-2.441E-3	-1.709E-2	-7.935E-3
2.106E+2	-2.625E-2	-2.747E-3	-1.740E-2	-1.129E-2
2.108E+2	-2.686E-2	5.493E-3	-1.953E-2	-6.409E-3
2.110E+2	-2.594E-2	-3.052E-4	-2.014E-2	-7.324E-3
2.112E+2	-3.296E-2	1.526E-3	-1.740E-2	-1.068E-2
2.114E+2	-2.991E-2	1.831E-3	-1.862E-2	-6.409E-3
2.116E+2	-2.625E-2	3.967E-3	-2.106E-2	-6.714E-3
2.118E+2	-3.143E-2	1.221E-3	-2.167E-2	-1.251E-2
2.120E+2	-2.319E-2	4.883E-3	-1.862E-2	-8.850E-3
2.122E+2	-2.380E-2	5.798E-3	-2.075E-2	-6.104E-4
2.124E+2	-2.686E-2	2.136E-3	-2.197E-2	-1.617E-2
2.126E+2	-2.502E-2	9.155E-4	-1.923E-2	-1.160E-2
2.128E+2	-2.686E-2	2.747E-3	-2.075E-2	-6.104E-3
2.130E+2	-2.441E-2	1.221E-3	-2.411E-2	-9.155E-3
2.132E+2	-2.411E-2	4.883E-3	-1.831E-2	-1.343E-2
2.134E+2	-2.380E-2	3.357E-3	-1.862E-2	-9.766E-3
2.136E+2	-2.777E-2	3.967E-3	-1.953E-2	-7.629E-3
2.138E+2	-2.625E-2	4.272E-3	-1.831E-2	-6.409E-3
2.140E+2	-2.747E-2	5.493E-3	-1.953E-2	-4.578E-3
2.142E+2	-2.838E-2	4.272E-3	-2.106E-2	-1.221E-2
2.144E+2	-2.106E-2	3.357E-3	-2.106E-2	-2.441E-3
2.146E+2	-2.350E-2	1.831E-3	-1.831E-2	-7.019E-3
2.148E+2	-2.289E-2	2.747E-3	-1.648E-2	-1.129E-2
2.150E+2	-2.533E-2	3.052E-3	-2.136E-2	-5.188E-3
2.152E+2	-2.808E-2	2.747E-3	-1.678E-2	-1.160E-2
2.154E+2	-2.350E-2	5.493E-3	-1.678E-2	-1.526E-3
2.156E+2	-2.808E-2	-3.967E-3	-1.740E-2	-9.460E-3
2.158E+2	-2.899E-2	1.221E-3	-1.892E-2	-1.373E-2
2.160E+2	-2.502E-2	4.883E-3	-1.892E-2	-5.798E-3
2.162E+2	-3.021E-2	2.136E-3	-2.045E-2	-6.714E-3
2.164E+2	-2.502E-2	3.052E-3	-1.923E-2	-1.831E-3
2.166E+2	-2.930E-2	3.357E-3	-1.862E-2	-5.493E-3
2.168E+2	-2.350E-2	3.052E-4	-1.526E-2	-2.747E-3
2.170E+2	-2.136E-2	4.272E-3	-1.373E-2	-4.883E-3
2.172E+2	-2.197E-2	0.000E+0	-1.923E-2	-1.831E-3
2.174E+2	-2.472E-2	5.188E-3	-2.136E-2	-1.221E-2
2.176E+2	-2.625E-2	2.136E-3	-1.923E-2	-5.798E-3
2.178E+2	-2.136E-2	6.714E-3	-1.953E-2	-1.129E-2
2.180E+2	-2.319E-2	1.221E-3	-2.136E-2	-9.155E-3
2.182E+2	-2.838E-2	1.831E-3	-2.197E-2	-6.104E-3
2.184E+2	-2.686E-2	3.357E-3	-1.984E-2	-4.578E-3
2.186E+2	-2.625E-2	4.578E-3	-1.923E-2	-7.324E-3
2.188E+2	-2.777E-2	3.967E-3	-1.831E-2	-7.629E-3
2.190E+2	-2.502E-2	5.798E-3	-2.014E-2	-5.493E-3
2.192E+2	-2.411E-2	6.104E-4	-1.495E-2	-8.240E-3
2.194E+2	-2.960E-2	2.136E-3	-1.984E-2	-6.104E-3
2.196E+2	-2.930E-2	3.052E-3	-2.106E-2	-1.160E-2
2.198E+2	-2.197E-2	1.831E-3	-2.594E-2	-6.714E-3
2.200E+2	-2.625E-2	5.798E-3	-1.892E-2	-3.662E-3
2.202E+2	-2.533E-2	1.526E-3	-1.953E-2	-8.240E-3
2.204E+2	-2.350E-2	1.526E-3	-1.862E-2	6.104E-4
2.206E+2	-2.289E-2	3.052E-3	-2.136E-2	-7.019E-3
2.208E+2	-2.747E-2	0.000E+0	-2.075E-2	-1.312E-2
2.210E+2	-2.258E-2	4.578E-3	-1.495E-2	-9.460E-3
2.212E+2	-2.014E-2	1.526E-3	-1.556E-2	-8.850E-3
2.214E+2	-2.625E-2	1.221E-3	-1.801E-2	-7.629E-3
2.216E+2	-1.862E-2	4.883E-3	-1.984E-2	-1.343E-2
2.218E+2	-2.075E-2	6.104E-4	-2.167E-2	-9.155E-3
2.220E+2	-1.984E-2	2.747E-3	-1.831E-2	-7.935E-3
2.222E+2	-2.411E-2	3.052E-3	-1.709E-2	-8.850E-3
2.224E+2	-2.563E-2	0.000E+0	-1.587E-2	-1.373E-2
2.226E+2	-2.258E-2	4.272E-3	-2.167E-2	-1.160E-2
2.228E+2	-2.319E-2	3.662E-3	-1.984E-2	-1.099E-2
2.230E+2	-2.136E-2	1.526E-3	-1.892E-2	-6.104E-3
2.232E+2	-2.655E-2	2.441E-3	-1.709E-2	-1.221E-2
2.234E+2	-2.686E-2	9.155E-3	-2.014E-2	-7.019E-3
2.236E+2	-2.533E-2	3.052E-3	-1.892E-2	-4.578E-3
2.238E+2	-2.350E-2	5.188E-3	-1.587E-2	-1.282E-2
2.240E+2	-2.594E-2	1.221E-3	-1.801E-2	-1.068E-2
2.242E+2	-2.838E-2	-9.155E-4	-1.984E-2	-3.967E-3
2.244E+2	-2.136E-2	3.662E-3	-1.434E-2	-7.324E-3
2.246E+2	-2.228E-2	4.272E-3	-2.136E-2	-3.357E-3
2.248E+2	-2.228E-2	1.526E-3	-1.495E-2	-2.136E-3
2.250E+2	-2.411E-2	3.357E-3	-1.465E-2	-8.240E-3
2.252E+2	-2.258E-2	1.526E-3	-1.495E-2	-6.714E-3
2.254E+2	-2.045E-2	4.883E-3	-1.770E-2	-5.188E-3
2.256E+2	-2.167E-2	3.967E-3	-1.404E-2	-1.038E-2
2.258E+2	-2.197E-2	4.578E-3	-1.801E-2	-1.251E-2
2.260E+2	-2.777E-2	6.714E-3	-1.465E-2	-8.850E-3
2.262E+2	-2.502E-2	1.221E-3	-1.770E-2	-7.324E-3
2.264E+2	-2.594E-2	3.662E-3	-1.587E-2	-1.831E-3
2.266E+2	-2.197E-2	6.104E-3	-2.014E-2	-6.409E-3
2.268E+2	-2.106E-2	1.831E-3	-1.434E-2	-1.007E-2
2.270E+2	-2.350E-2	1.221E-3	-1.465E-2	-2.136E-3
2.272E+2	-2.777E-2	1.831E-3	-2.106E-2	-1.007E-2
2.274E+2	-2.289E-2	9.155E-4	-1.892E-2	-1.099E-2
2.276E+2	-2.533E-2	4.578E-3	-1.740E-2	-6.409E-3
2.278E+2	-2.472E-2	3.662E-3	-1.892E-2	-1.404E-2
2.280E+2	-1.740E-2	-2.441E-3	-1.404E-2	-7.019E-3
2.282E+2	-2.594E-2	7.629E-3	-1.587E-2	-2.747E-3
2.284E+2	-1.831E-2	3.357E-3	-1.923E-2	-7.935E-3
2.286E+2	-2.594E-2	9.155E-4	-1.495E-2	-5.188E-3
2.288E+2	-2.716E-2	4.883E-3	-1.556E-2	-9.155E-4
2.290E+2	-2.136E-2	3.662E-3	-1.434E-2	-7.324E-3
2.292E+2	-2.258E-2	2.136E-3	-1.617E-2	-2.747E-3
2.294E+2	-2.625E-2	2.747E-3	-1.404E-2	-9.460E-3
2.296E+2	-2.380E-2	6.104E-4	-1.617E-2	-5.493E-3
2.298E+2	-2.472E-2	4.883E-3	-2.167E-2	-4.883E-3
2.300E+2	-2.289E-2	6.104E-4	-1.678E-2	-6.714E-3
2.302E+2	-2.472E-2	4.578E-3	-1.587E-2	-1.343E-2
2.304E+2	-2.625E-2	2.441E-3	-1.862E-2	-3.052E-4
2.306E+2	-2.441E-2	1.831E-3	-1.526E-2	-5.798E-3
2.308E+2	-2.228E-2	3.357E-3	-1.709E-2	-1.831E-3
2.310E+2	-1.923E-2	4.883E-3	-1.526E-2	-6.104E-3
2.312E+2	-2.747E-2	0.000E+0	-1.556E-2	-1.007E-2
2.314E+2	-2.411E-2	3.662E-3	-1.770E-2	-1.068E-2
2.316E+2	-2.289E-2	3.662E-3	-2.014E-2	-6.104E-3
2.318E+2	-2.045E-2	3.052E-4	-1.984E-2	-3.052E-3
2.320E+2	-2.472E-2	3.967E-3	-1.465E-2	-6.104E-4
2.322E+2	-2.441E-2	2.747E-3	-1.801E-2	-3.052E-3
2.324E+2	-2.411E-2	1.831E-3	-1.434E-2	1.221E-3
2.326E+2	-2.655E-2	1.526E-3	-1.404E-2	-4.578E-3
2.328E+2	-2.350E-2	5.798E-3	-1.648E-2	-3.357E-3
2.330E+2	-2.197E-2	3.052E-4	-1.831E-2	-3.357E-3
2.332E+2	-2.258E-2	4.272E-3	-1.495E-2	-3.052E-4
2.334E+2	-2.045E-2	1.221E-3	-1.190E-2	-7.324E-3
2.336E+2	-2.533E-2	3.967E-3	-1.801E-2	-1.038E-2
2.338E+2	-2.594E-2	9.155E-4	-2.136E-2	0.000E+0
2.340E+2	-2.319E-2	9.155E-4	-1.526E-2	-2.136E-3
2.342E+2	-2.197E-2	5.188E-3	-1.709E-2	-3.967E-3
2.344E+2	-2.472E-2	5.493E-3	-1.709E-2	-7.629E-3
2.346E+2	-2.777E-2	5.188E-3	-2.289E-2	-4.272E-3
2.348E+2	-2.197E-2	5.493E-3	-1.740E-2	-2.441E-3
2.350E+2	-2.197E-2	7.324E-3	-1.495E-2	-4.272E-3
2.352E+2	-2.533E-2	6.714E-3	-1.251E-2	-8.240E-3
2.354E+2	-2.045E-2	7.935E-3	-1.251E-2	-9.460E-3
2.356E+2	-2.289E-2	4.883E-3	-1.740E-2	-7.324E-3
2.358E+2	-2.472E-2	2.747E-3	-1.312E-2	-2.747E-3
2.360E+2	-2.472E-2	3.052E-4	-1.740E-2	-5.798E-3
2.362E+2	-2.350E-2	6.104E-3	-1.526E-2	-1.526E-3
2.364E+2	-2.563E-2	5.188E-3	-1.190E-2	-7.019E-3
2.366E+2	-2.289E-2	4.272E-3	-1.129E-2	-6.104E-3
2.368E+2	-2.319E-2	3.052E-3	-1.007E-2	-3.357E-3
2.370E+2	-2.686E-2	4.272E-3	-1.587E-2	-2.136E-3
2.372E+2	-2.472E-2	0.000E+0	-1.831E-2	-6.104E-4
2.374E+2	-1.953E-2	2.747E-3	-1.495E-2	-2.136E-3
2.376E+2	-2.380E-2	1.007E-2	-1.068E-2	-4.272E-3
2.378E+2	-2.228E-2	9.766E-3	-9.155E-3	-6.409E-3
2.380E+2	-2.197E-2	6.409E-3	-1.251E-2	-8.240E-3
2.382E+2	-2.655E-2	3.357E-3	-1.404E-2	-1.831E-3
2.384E+2	-2.045E-2	3.052E-3	-1.404E-2	-8.240E-3
2.386E+2	-2.197E-2	5.188E-3	-1.373E-2	-9.460E-3
2.388E+2	-2.289E-2	4.578E-3	-1.862E-2	-2.747E-3
2.390E+2	-2.136E-2	-3.052E-4	-1.495E-2	-2.441E-3
2.392E+2	-2.441E-2	5.798E-3	-1.068E-2	-1.160E-2
2.394E+2	-1.984E-2	3.052E-3	-1.770E-2	-4.883E-3
2.396E+2	-2.441E-2	2.136E-3	-1.343E-2	-3.052E-4
2.398E+2	-2.258E-2	2.136E-3	-1.343E-2	-7.019E-3
2.400E+2	-2.197E-2	3.357E-3	-1.404E-2	-5.798E-3
2.402E+2	-2.289E-2	4.578E-3	-1.709E-2	-7.629E-3
2.404E+2	-2.502E-2	3.967E-3	-1.831E-2	-9.155E-4
2.406E+2	-2.380E-2	3.967E-3	-1.495E-2	-1.251E-2
2.408E+2	-2.136E-2	2.747E-3	-1.099E-2	-1.343E-2
2.410E+2	-1.892E-2	5.188E-3	-1.343E-2	-6.104E-4
2.412E+2	-1.984E-2	3.967E-3	-1.709E-2	-2.441E-3
2.414E+2	-1.984E-2	5.493E-3	-1.434E-2	-1.068E-2
2.416E+2	-2.625E-2	4.883E-3	-1.587E-2	-2.441E-3
2.418E+2	-2.167E-2	3.967E-3	-1.495E-2	-7.629E-3
2.420E+2	-2.747E-2	-1.221E-3	-1.282E-2	-4.883E-3
2.422E+2	-2.197E-2	3.662E-3	-1.160E-2	-1.526E-3
2.424E+2	-2.655E-2	2.136E-3	-1.251E-2	-9.155E-4
2.426E+2	-2.686E-2	7.019E-3	-1.648E-2	3.052E-4
2.428E+2	-2.136E-2	3.052E-4	-1.434E-2	-3.052E-3
2.430E+2	-2.411E-2	2.747E-3	-1.923E-2	-7.019E-3
2.432E+2	-2.441E-2	1.221E-3	-1.892E-2	-3.662E-3
2.434E+2	-2.258E-2	2.747E-3	-1.160E-2	-3.357E-3
2.436E+2	-2.167E-2	1.831E-3	-1.404E-2	3.357E-3
2.438E+2	-2.197E-2	6.104E-3	-1.282E-2	-4.883E-3
2.440E+2	-2.136E-2	4.578E-3	-1.007E-2	-9.155E-4
2.442E+2	-2.563E-2	3.052E-3	-1.221E-2	-1.221E-3
2.444E+2	-2.411E-2	7.629E-3	-1.221E-2	-1.831E-3
2.446E+2	-2.258E-2	3.357E-3	-1.221E-2	1.221E-3
2.448E+2	-2.411E-2	7.324E-3	-1.587E-2	-3.052E-3
2.450E+2	-2.716E-2	3.967E-3	-1.495E-2	-3.052E-3
2.452E+2	-2.441E-2	7.324E-3	-1.617E-2	-5.493E-3
2.454E+2	-2.411E-2	5.798E-3	-1.190E-2	2.441E-3
2.456E+2	-2.533E-2	7.019E-3	-1.831E-2	-1.526E-3
2.458E+2	-2.411E-2	6.409E-3	-1.587E-2	-5.798E-3
2.460E+2	-2.777E-2	3.662E-3	-9.155E-3	-3.052E-4
2.462E+2	-2.289E-2	5.188E-3	-1.801E-2	-1.526E-3
2.464E+2	-2.625E-2	8.240E-3	-1.587E-2	1.221E-3
2.466E+2	-1.892E-2	3.357E-3	-1.099E-2	0.000E+0
2.468E+2	-2.258E-2	4.272E-3	-1.282E-2	9.155E-4
2.470E+2	-2.319E-2	6.409E-3	-7.629E-3	-4.883E-3
2.472E+2	-2.350E-2	4.578E-3	-1.556E-2	-3.357E-3
2.474E+2	-2.441E-2	5.188E-3	-1.068E-2	-1.526E-3
2.476E+2	-2.014E-2	6.104E-4	-1.678E-2	0.000E+0
2.478E+2	-2.594E-2	1.221E-3	-1.434E-2	5.493E-3
2.480E+2	-2.502E-2	2.136E-3	-1.465E-2	-3.967E-3
2.482E+2	-3.021E-2	4.578E-3	-1.129E-2	0.000E+0
2.484E+2	-2.411E-2	4.883E-3	-1.801E-2	-1.526E-3
2.486E+2	-2.777E-2	4.272E-3	-1.099E-2	-9.460E-3
2.488E+2	-2.625E-2	3.662E-3	-1.404E-2	-7.935E-3
2.490E+2	-2.380E-2	3.052E-3	-1.648E-2	-3.357E-3
2.492E+2	-2.106E-2	4.578E-3	-1.251E-2	-2.747E-3
2.494E+2	-2.289E-2	1.831E-3	-1.740E-2	-4.272E-3
2.496E+2	-3.021E-2	3.357E-3	-1.343E-2	-3.052E-4
2.498E+2	-1.984E-2	-3.052E-3	-1.495E-2	1.831E-3
2.500E+2	-2.472E-2	4.578E-3	-1.190E-2	-2.136E-3
2.502E+2	-2.228E-2	4.578E-3	-1.740E-2	-1.526E-3
2.504E+2	-2.441E-2	2.136E-3	-1.404E-2	-6.714E-3
2.506E+2	-2.869E-2	1.831E-3	-1.129E-2	-3.662E-3
2.508E+2	-1.892E-2	1.831E-3	-1.160E-2	-3.052E-4
2.510E+2	-2.411E-2	-1.221E-3	-6.714E-3	-8.850E-3
2.512E+2	-2.960E-2	9.155E-4	-1.221E-2	-6.409E-3
2.514E+2	-2.472E-2	1.831E-3	-1.587E-2	-7.019E-3
2.516E+2	-2.747E-2	3.052E-3	-8.850E-3	-7.935E-3
2.518E+2	-2.380E-2	4.578E-3	-1.434E-2	-3.662E-3
2.520E+2	-1.923E-2	2.136E-3	-9.766E-3	-8.545E-3
2.522E+2	-2.563E-2	6.104E-4	-1.282E-2	-7.935E-3
2.524E+2	-2.686E-2	2.441E-3	-1.373E-2	3.662E-3
2.526E+2	-2.289E-2	3.662E-3	-1.404E-2	3.052E-4
2.528E+2	-2.167E-2	1.221E-3	-1.892E-2	6.104E-4
2.530E+2	-2.319E-2	1.831E-3	-1.221E-2	-2.441E-3
2.532E+2	-2.472E-2	1.221E-3	-1.038E-2	-7.935E-3
2.534E+2	-2.441E-2	-6.104E-4	-7.019E-3	-1.160E-2
2.536E+2	-2.808E-2	6.104E-4	-1.160E-2	-6.714E-3
2.538E+2	-2.533E-2	1.221E-3	-1.434E-2	-5.188E-3
2.540E+2	-2.808E-2	2.136E-3	-1.190E-2	-1.160E-2
2.542E+2	-2.747E-2	3.662E-3	-1.862E-2	-5.493E-3
2.544E+2	-2.380E-2	6.104E-4	-1.465E-2	-5.798E-3
2.546E+2	-2.136E-2	3.662E-3	-1.099E-2	-9.155E-3
2.548E+2	-2.686E-2	9.155E-4	-1.038E-2	-5.188E-3
2.550E+2	-2.838E-2	-9.155E-4	-1.434E-2	-1.221E-3
2.552E+2	-2.319E-2	6.104E-4	-1.465E-2	3.052E-4
2.554E+2	-2.350E-2	-1.526E-3	-1.282E-2	-5.798E-3
2.556E+2	-2.411E-2	-2.136E-3	-1.312E-2	-5.798E-3
2.558E+2	-2.441E-2	1.831E-3	-1.404E-2	1.526E-3
2.560E+2	-2.808E-2	2.441E-3	-1.617E-2	-5.798E-3
2.562E+2	-2.594E-2	1.831E-3	-2.075E-2	-5.493E-3
2.564E+2	-2.960E-2	-9.155E-4	-1.099E-2	-5.188E-3
2.566E+2	-2.441E-2	6.104E-4	-9.766E-3	-1.526E-3
2.568E+2	-2.655E-2	-6.104E-4	-1.282E-2	-3.662E-3
2.570E+2	-2.289E-2	4.272E-3	-1.099E-2	-6.104E-3
2.572E+2	-2.106E-2	0.000E+0	-1.617E-2	-4.883E-3
2.574E+2	-2.625E-2	3.357E-3	-1.678E-2	3.357E-3
2.576E+2	-2.106E-2	6.104E-4	-1.556E-2	-5.493E-3
2.578E+2	-2.838E-2	9.155E-4	-1.282E-2	-7.629E-3
2.580E+2	-3.082E-2	2.441E-3	-1.587E-2	-1.831E-3
2.582E+2	-2.960E-2	4.578E-3	-1.343E-2	-1.221E-3
2.584E+2	-2.899E-2	-3.052E-4	-1.221E-2	-5.493E-3
2.586E+2	-3.204E-2	1.221E-3	-1.404E-2	-1.038E-2
2.588E+2	-2.716E-2	2.136E-3	-1.740E-2	-9.766E-3
2.590E+2	-2.808E-2	0.000E+0	-1.190E-2	-9.155E-3
2.592E+2	-3.021E-2	-1.831E-3	-1.465E-2	-3.052E-4
2.594E+2	-2.686E-2	1.221E-3	-1.465E-2	-7.019E-3
2.596E+2	-2.869E-2	3.052E-3	-1.282E-2	6.104E-4
2.598E+2	-2.716E-2	1.526E-3	-1.282E-2	-4.578E-3
2.600E+2	-2.533E-2	1.221E-3	-1.678E-2	-3.662E-3
2.602E+2	-2.686E-2	2.747E-3	-1.801E-2	-3.052E-4
2.604E+2	-2.625E-2	9.155E-4	-1.434E-2	-6.714E-3
2.606E+2	-3.448E-2	-9.155E-4	-1.404E-2	-4.883E-3
2.608E+2	-2.991E-2	2.136E-3	-1.556E-2	-5.188E-3
2.610E+2	-2.930E-2	9.155E-4	-1.160E-2	-3.662E-3
2.612E+2	-2.655E-2	3.357E-3	-1.678E-2	9.155E-4
2.614E+2	-2.686E-2	1.526E-3	-1.434E-2	-2.136E-3
2.616E+2	-2.625E-2	0.000E+0	-1.099E-2	-7.324E-3
2.618E+2	-3.113E-2	0.000E+0	-1.221E-2	-1.068E-2
2.620E+2	-2.594E-2	1.221E-3	-1.373E-2	-1.526E-3
2.622E+2	-2.808E-2	3.052E-3	-1.587E-2	-6.104E-4
2.624E+2	-3.174E-2	-6.104E-4	-1.404E-2	-6.104E-4
2.626E+2	-2.930E-2	0.000E+0	-1.801E-2	-3.052E-3
2.628E+2	-3.082E-2	-2.747E-3	-1.190E-2	-3.662E-3
2.630E+2	-3.204E-2	6.104E-4	-1.648E-2	-9.766E-3
2.632E+2	-3.143E-2	5.493E-3	-2.167E-2	4.578E-3
2.634E+2	-3.143E-2	2.441E-3	-1.221E-2	3.052E-3
2.636E+2	-3.235E-2	1.831E-3	-1.709E-2	3.052E-4
2.638E+2	-3.174E-2	9.155E-4	-1.282E-2	-2.747E-3
2.640E+2	-2.960E-2	-2.136E-3	-1.068E-2	-4.272E-3
2.642E+2	-2.930E-2	3.662E-3	-1.587E-2	-5.798E-3
2.644E+2	-3.510E-2	-2.747E-3	-1.099E-2	-4.883E-3
2.646E+2	-3.387E-2	-2.441E-3	-1.129E-2	-2.747E-3
2.648E+2	-3.387E-2	6.104E-4	-1.373E-2	9.155E-4
2.650E+2	-3.632E-2	6.104E-4	-1.648E-2	-6.104E-4
2.652E+2	-3.937E-2	-6.104E-4	-1.556E-2	-1.831E-3
2.654E+2	-3.052E-2	-3.052E-4	-1.709E-2	-6.409E-3
2.656E+2	-3.174E-2	0.000E+0	-1.770E-2	-2.136E-3
2.658E+2	-3.448E-2	3.052E-4	-1.373E-2	-5.188E-3
2.660E+2	-3.296E-2	-3.052E-4	-9.766E-3	-9.460E-3
2.662E+2	-3.235E-2	2.441E-3	-1.129E-2	-1.526E-3
2.664E+2	-3.479E-2	-1.526E-3	-1.862E-2	-7.019E-3
2.666E+2	-3.235E-2	-2.747E-3	-1.434E-2	-6.714E-3
2.668E+2	-3.876E-2	-4.272E-3	-1.617E-2	-3.967E-3
2.670E+2	-3.937E-2	-2.441E-3	-1.892E-2	-4.883E-3
2.672E+2	-3.662E-2	-3.357E-3	-1.007E-2	-4.578E-3
2.674E+2	-3.815E-2	-5.188E-3	-1.221E-2	-3.967E-3
2.676E+2	-3.571E-2	-2.136E-3	-1.617E-2	-4.272E-3
2.678E+2	-3.448E-2	0.000E+0	-1.038E-2	-6.409E-3
2.680E+2	-3.723E-2	-9.155E-4	-1.221E-2	-3.052E-4
2.682E+2	-4.120E-2	-3.662E-3	-1.862E-2	-2.136E-3
2.684E+2	-3.510E-2	-1.831E-3	-1.923E-2	-3.357E-3
2.686E+2	-3.937E-2	-1.526E-3	-1.831E-2	-9.460E-3
2.688E+2	-3.723E-2	-4.578E-3	-1.465E-2	-1.221E-3
2.690E+2	-3.723E-2	-4.272E-3	-1.648E-2	-8.545E-3
2.692E+2	-4.089E-2	-9.155E-4	-1.526E-2	-6.409E-3
2.694E+2	-4.059E-2	-1.526E-3	-2.014E-2	-4.272E-3
2.696E+2	-3.754E-2	-3.967E-3	-1.587E-2	-3.357E-3
2.698E+2	-3.845E-2	-9.155E-4	-2.045E-2	-9.155E-4
2.700E+2	-4.120E-2	-1.831E-3	-2.258E-2	-1.007E-2
2.702E+2	-4.425E-2	-1.221E-3	-1.984E-2	-3.052E-4
2.704E+2	-4.150E-2	-4.578E-3	-1.160E-2	-4.272E-3
2.706E+2	-3.876E-2	0.000E+0	-1.556E-2	-5.188E-3
2.708E+2	-4.517E-2	-3.662E-3	-2.350E-2	-7.629E-3
2.710E+2	-4.578E-2	-3.052E-3	-2.075E-2	-6.714E-3
2.712E+2	-4.639E-2	-4.272E-3	-1.465E-2	-8.240E-3
2.714E+2	-4.456E-2	-5.493E-3	-1.770E-2	-9.155E-4
2.716E+2	-4.333E-2	-6.104E-3	-1.495E-2	-7.629E-3
2.718E+2	-4.761E-2	-1.831E-3	-2.045E-2	-4.883E-3
2.720E+2	-4.242E-2	-3.052E-3	-2.075E-2	-1.251E-2
2.722E+2	-4.028E-2	-8.240E-3	-1.465E-2	-7.019E-3
2.724E+2	-4.608E-2	-3.357E-3	-1.892E-2	-8.850E-3
2.726E+2	-4.669E-2	-4.272E-3	-1.404E-2	-3.967E-3
2.728E+2	-5.127E-2	-9.766E-3	-1.801E-2	-2.747E-3
2.730E+2	-4.822E-2	-9.460E-3	-1.923E-2	-7.019E-3
2.732E+2	-4.822E-2	-3.662E-3	-1.831E-2	-1.831E-3
2.734E+2	-4.791E-2	-8.850E-3	-1.801E-2	-9.155E-4
2.736E+2	-4.822E-2	-8.850E-3	-1.526E-2	-7.324E-3
2.738E+2	-4.700E-2	-1.099E-2	-2.045E-2	-3.052E-3
2.740E+2	-5.066E-2	-4.883E-3	-2.136E-2	-8.240E-3
2.742E+2	-4.486E-2	-1.434E-2	-1.770E-2	-1.373E-2
2.744E+2	-5.127E-2	-8.545E-3	-1.617E-2	-7.629E-3
2.746E+2	-5.463E-2	-1.007E-2	-1.221E-2	-1.434E-2
2.748E+2	-5.157E-2	-9.460E-3	-1.740E-2	-3.662E-3
2.750E+2	-5.402E-2	-7.324E-3	-2.045E-2	-9.766E-3
2.752E+2	-5.402E-2	-3.662E-3	-2.655E-2	-5.493E-3
2.754E+2	-5.157E-2	-5.493E-3	-1.801E-2	-2.441E-3
2.756E+2	-5.188E-2	-9.766E-3	-2.075E-2	-6.409E-3
2.758E+2	-5.005E-2	-5.188E-3	-2.319E-2	-1.312E-2
2.760E+2	-5.127E-2	-9.460E-3	-1.923E-2	-1.495E-2
2.762E+2	-5.280E-2	-9.460E-3	-1.740E-2	-1.160E-2
2.764E+2	-5.402E-2	-8.545E-3	-1.801E-2	-1.221E-3
2.766E+2	-5.646E-2	-1.068E-2	-2.228E-2	-5.188E-3
2.768E+2	-6.012E-2	-9.460E-3	-1.984E-2	-1.251E-2
2.770E+2	-5.280E-2	-9.460E-3	-1.892E-2	-4.578E-3
2.772E+2	-6.287E-2	-9.155E-3	-2.136E-2	-1.190E-2
2.774E+2	-5.890E-2	-1.068E-2	-2.045E-2	-1.129E-2
2.776E+2	-5.676E-2	-1.160E-2	-1.465E-2	-8.545E-3
2.778E+2	-5.768E-2	-8.850E-3	-2.472E-2	-3.662E-3
2.780E+2	-5.951E-2	-1.312E-2	-2.136E-2	-5.493E-3
2.782E+2	-6.165E-2	-1.251E-2	-2.716E-2	-6.104E-3
2.784E+2	-6.042E-2	-1.129E-2	-2.014E-2	-1.190E-2
2.786E+2	-5.951E-2	-1.465E-2	-2.106E-2	-9.155E-3
2.788E+2	-6.744E-2	-1.678E-2	-2.350E-2	-1.160E-2
2.790E+2	-6.134E-2	-8.850E-3	-1.862E-2	-1.160E-2
2.792E+2	-6.897E-2	-1.923E-2	-1.892E-2	-5.188E-3
2.794E+2	-6.439E-2	-1.190E-2	-2.960E-2	-9.460E-3
2.796E+2	-6.744E-2	-1.190E-2	-2.258E-2	-1.556E-2
2.798E+2	-6.775E-2	-1.831E-2	-2.258E-2	-1.495E-2
2.800E+2	-6.073E-2	-1.801E-2	-1.648E-2	-1.556E-2
2.802E+2	-6.165E-2	-1.953E-2	-2.502E-2	-1.007E-2
2.804E+2	-6.897E-2	-1.404E-2	-2.014E-2	-9.460E-3
2.806E+2	-7.019E-2	-1.282E-2	-2.502E-2	-1.343E-2
2.808E+2	-6.897E-2	-1.495E-2	-1.862E-2	-1.038E-2
2.810E+2	-7.202E-2	-1.831E-2	-2.472E-2	-1.251E-2
2.812E+2	-6.622E-2	-1.617E-2	-2.075E-2	-8.240E-3
2.814E+2	-7.202E-2	-1.495E-2	-2.533E-2	-1.038E-2
2.816E+2	-7.050E-2	-1.923E-2	-2.380E-2	-8.850E-3
2.818E+2	-7.477E-2	-1.373E-2	-2.808E-2	-5.493E-3
2.820E+2	-7.507E-2	-1.953E-2	-2.075E-2	-3.967E-3
2.822E+2	-7.812E-2	-2.136E-2	-2.838E-2	-6.104E-3
2.824E+2	-7.355E-2	-1.770E-2	-2.441E-2	-1.404E-2
2.826E+2	-7.812E-2	-2.014E-2	-3.143E-2	-1.648E-2
2.828E+2	-7.904E-2	-2.686E-2	-2.411E-2	-1.282E-2
2.830E+2	-7.782E-2	-1.709E-2	-3.021E-2	-5.188E-3
2.832E+2	-8.026E-2	-2.472E-2	-2.838E-2	-9.155E-3
2.834E+2	-8.148E-2	-2.228E-2	-2.380E-2	-9.766E-3
2.836E+2	-8.667E-2	-2.167E-2	-2.777E-2	-1.190E-2
2.838E+2	-8.301E-2	-2.167E-2	-2.258E-2	-8.850E-3
2.840E+2	-8.575E-2	-2.106E-2	-2.838E-2	-1.251E-2
2.842E+2	-8.392E-2	-2.167E-2	-2.594E-2	-6.104E-3
2.844E+2	-8.820E-2	-2.502E-2	-2.808E-2	-1.556E-2
2.846E+2	-8.881E-2	-2.197E-2	-2.594E-2	-1.434E-2
2.848E+2	-8.972E-2	-2.930E-2	-2.686E-2	-8.240E-3
2.850E+2	-9.338E-2	-2.319E-2	-2.808E-2	-1.099E-2
2.852E+2	-9.094E-2	-2.960E-2	-2.563E-2	-8.850E-3
2.854E+2	-8.850E-2	-2.533E-2	-2.991E-2	-9.766E-3
2.856E+2	-9.094E-2	-2.563E-2	-2.869E-2	-6.714E-3
2.858E+2	-9.888E-2	-3.113E-2	-3.235E-2	-1.526E-2
2.860E+2	-9.216E-2	-2.747E-2	-2.960E-2	-1.221E-2
2.862E+2	-9.338E-2	-2.899E-2	-2.838E-2	-9.460E-3
2.864E+2	-9.277E-2	-3.693E-2	-3.296E-2	-9.460E-3
2.866E+2	-9.979E-2	-2.960E-2	-2.747E-2	-7.935E-3
2.868E+2	-9.888E-2	-3.204E-2	-3.387E-2	-1.770E-2
2.870E+2	-9.857E-2	-3.418E-2	-3.082E-2	-1.465E-2
2.872E+2	-9.949E-2	-3.479E-2	-2.716E-2	-1.495E-2
2.874E+2	-1.031E-1	-3.021E-2	-3.387E-2	-1.923E-2
2.876E+2	-1.041E-1	-4.211E-2	-3.387E-2	-1.648E-2
2.878E+2	-1.102E-1	-3.387E-2	-3.571E-2	-2.106E-2
2.880E+2	-1.099E-1	-3.082E-2	-2.686E-2	-7.324E-3
2.882E+2	-1.074E-1	-3.235E-2	-3.296E-2	-1.862E-2
2.884E+2	-1.126E-1	-3.082E-2	-3.479E-2	-1.892E-2
2.886E+2	-1.074E-1	-3.418E-2	-3.479E-2	-1.007E-2
2.888E+2	-1.093E-1	-3.876E-2	-3.204E-2	-1.495E-2
2.890E+2	-1.068E-1	-3.571E-2	-3.784E-2	-2.197E-2
2.892E+2	-1.154E-1	-4.333E-2	-3.601E-2	-2.472E-2
2.894E+2	-1.151E-1	-3.998E-2	-3.662E-2	-1.587E-2
2.896E+2	-1.172E-1	-3.876E-2	-3.571E-2	-2.045E-2
2.898E+2	-1.178E-1	-3.967E-2	-3.845E-2	-1.801E-2
2.900E+2	-1.181E-1	-3.967E-2	-2.991E-2	-1.984E-2
2.902E+2	-1.233E-1	-4.059E-2	-4.211E-2	-2.014E-2
2.904E+2	-1.242E-1	-4.578E-2	-4.242E-2	-1.892E-2
2.906E+2	-1.254E-1	-3.876E-2	-4.639E-2	-2.350E-2
2.908E+2	-1.233E-1	-3.967E-2	-4.059E-2	-1.831E-2
2.910E+2	-1.239E-1	-4.913E-2	-3.784E-2	-1.770E-2
2.912E+2	-1.224E-1	-4.608E-2	-4.150E-2	-2.045E-2
2.914E+2	-1.251E-1	-4.333E-2	-3.876E-2	-1.648E-2
2.916E+2	-1.300E-1	-4.730E-2	-4.364E-2	-1.251E-2
2.918E+2	-1.254E-1	-4.730E-2	-4.028E-2	-1.862E-2
2.920E+2	-1.340E-1	-5.005E-2	-4.059E-2	-2.441E-2
2.922E+2	-1.361E-1	-4.730E-2	-4.333E-2	-2.106E-2
2.924E+2	-1.349E-1	-5.127E-2	-4.456E-2	-1.984E-2
2.926E+2	-1.324E-1	-5.371E-2	-4.608E-2	-2.228E-2
2.928E+2	-1.370E-1	-4.791E-2	-3.662E-2	-2.441E-2
2.930E+2	-1.367E-1	-5.219E-2	-4.395E-2	-2.167E-2
2.932E+2	-1.434E-1	-5.157E-2	-4.242E-2	-2.228E-2
2.934E+2	-1.425E-1	-4.791E-2	-4.425E-2	-1.923E-2
2.936E+2	-1.395E-1	-5.585E-2	-4.608E-2	-2.869E-2
2.938E+2	-1.495E-1	-5.493E-2	-4.395E-2	-1.892E-2
2.940E+2	-1.483E-1	-5.676E-2	-4.730E-2	-2.747E-2
2.942E+2	-1.474E-1	-6.531E-2	-4.852E-2	-2.350E-2
2.944E+2	-1.498E-1	-6.165E-2	-4.852E-2	-1.892E-2
2.946E+2	-1.495E-1	-5.676E-2	-4.761E-2	-2.289E-2
2.948E+2	-1.511E-1	-5.829E-2	-4.608E-2	-1.892E-2
2.950E+2	-1.520E-1	-6.226E-2	-4.791E-2	-3.082E-2
2.952E+2	-1.532E-1	-6.622E-2	-4.761E-2	-2.625E-2
2.954E+2	-1.544E-1	-6.287E-2	-5.096E-2	-2.380E-2
2.956E+2	-1.566E-1	-6.256E-2	-5.096E-2	-2.716E-2
2.958E+2	-1.617E-1	-6.866E-2	-5.005E-2	-2.380E-2
2.960E+2	-1.553E-1	-6.683E-2	-5.066E-2	-2.228E-2
2.962E+2	-1.627E-1	-6.744E-2	-5.249E-2	-2.136E-2
2.964E+2	-1.642E-1	-6.866E-2	-5.371E-2	-2.533E-2
2.966E+2	-1.651E-1	-7.538E-2	-5.646E-2	-2.075E-2
2.968E+2	-1.678E-1	-7.141E-2	-5.219E-2	-2.594E-2
2.970E+2	-1.688E-1	-7.141E-2	-5.249E-2	-2.625E-2
2.972E+2	-1.703E-1	-7.172E-2	-5.127E-2	-3.082E-2
2.974E+2	-1.660E-1	-6.958E-2	-5.737E-2	-2.380E-2
2.976E+2	-1.758E-1	-7.477E-2	-5.371E-2	-3.418E-2
2.978E+2	-1.712E-1	-7.782E-2	-5.920E-2	-3.296E-2
2.980E+2	-1.715E-1	-7.477E-2	-5.890E-2	-2.563E-2
2.982E+2	-1.813E-1	-7.812E-2	-5.676E-2	-3.082E-2
2.984E+2	-1.794E-1	-8.057E-2	-5.768E-2	-2.747E-2
2.986E+2	-1.791E-1	-8.698E-2	-5.890E-2	-2.747E-2
2.988E+2	-1.852E-1	-8.118E-2	-5.676E-2	-3.754E-2
2.990E+2	-1.816E-1	-8.270E-2	-5.920E-2	-3.784E-2
2.992E+2	-1.810E-1	-8.484E-2	-6.042E-2	-3.326E-2
2.994E+2	-1.801E-1	-7.935E-2	-5.615E-2	-2.869E-2
2.996E+2	-1.874E-1	-8.881E-2	-6.195E-2	-3.082E-2
2.998E+2	-1.880E-1	-8.789E-2	-6.165E-2	-2.563E-2
3.000E+2	-1.865E-1	-8.911E-2	-6.348E-2	-2.808E-2
3.002E+2	-1.865E-1	-9.094E-2	-6.165E-2	-2.869E-2
3.004E+2	-1.974E-1	-8.850E-2	-6.683E-2	-3.357E-2
3.006E+2	-1.883E-1	-9.277E-2	-6.317E-2	-3.876E-2
3.008E+2	-1.920E-1	-9.399E-2	-6.470E-2	-3.052E-2
3.010E+2	-1.944E-1	-9.674E-2	-7.233E-2	-3.265E-2
3.012E+2	-1.950E-1	-9.552E-2	-6.195E-2	-3.815E-2
3.014E+2	-1.956E-1	-9.766E-2	-7.263E-2	-3.632E-2
3.016E+2	-1.978E-1	-9.857E-2	-7.080E-2	-3.235E-2
3.019E+2	-2.008E-1	-9.735E-2	-6.927E-2	-3.479E-2
3.020E+2	-2.057E-1	-1.031E-1	-7.111E-2	-3.296E-2
3.022E+2	-2.063E-1	-9.735E-2	-7.660E-2	-3.418E-2
3.025E+2	-2.051E-1	-1.028E-1	-7.446E-2	-3.906E-2
3.027E+2	-1.990E-1	-1.083E-1	-6.897E-2	-4.181E-2
3.029E+2	-2.115E-1	-1.077E-1	-7.629E-2	-3.906E-2
3.031E+2	-2.054E-1	-1.013E-1	-7.812E-2	-3.632E-2
3.033E+2	-2.072E-1	-1.093E-1	-7.477E-2	-4.364E-2
3.035E+2	-2.066E-1	-1.068E-1	-7.996E-2	-4.120E-2
3.037E+2	-2.094E-1	-1.099E-1	-7.935E-2	-4.089E-2
3.039E+2	-2.167E-1	-1.135E-1	-8.179E-2	-4.547E-2
3.041E+2	-2.087E-1	-1.114E-1	-8.148E-2	-4.242E-2
3.043E+2	-2.124E-1	-1.123E-1	-7.782E-2	-4.272E-2
3.045E+2	-2.133E-1	-1.202E-1	-8.331E-2	-3.967E-2
3.047E+2	-2.191E-1	-1.236E-1	-7.782E-2	-4.425E-2
3.049E+2	-2.133E-1	-1.187E-1	-7.935E-2	-4.669E-2
3.051E+2	-2.127E-1	-1.257E-1	-8.453E-2	-4.181E-2
3.053E+2	-2.182E-1	-1.205E-1	-8.850E-2	-4.364E-2
3.055E+2	-2.203E-1	-1.215E-1	-9.064E-2	-3.967E-2
3.057E+2	-2.179E-1	-1.233E-1	-8.453E-2	-3.967E-2
3.059E+2	-2.197E-1	-1.251E-1	-8.209E-2	-4.913E-2
3.061E+2	-2.219E-1	-1.242E-1	-8.881E-2	-3.967E-2
3.063E+2	-2.213E-1	-1.297E-1	-9.247E-2	-4.181E-2
3.065E+2	-2.240E-1	-1.291E-1	-9.003E-2	-5.157E-2
3.067E+2	-2.203E-1	-1.282E-1	-8.881E-2	-4.913E-2
3.069E+2	-2.228E-1	-1.401E-1	-9.125E-2	-4.944E-2
3.071E+2	-2.258E-1	-1.361E-1	-9.735E-2	-5.035E-2
3.074E+2	-2.240E-1	-1.376E-1	-9.369E-2	-4.974E-2
3.076E+2	-2.246E-1	-1.407E-1	-9.277E-2	-4.547E-2
3.078E+2	-2.231E-1	-1.462E-1	-9.766E-2	-5.035E-2
3.079E+2	-2.225E-1	-1.413E-1	-9.735E-2	-4.822E-2
3.079E+2	-2.234E-1	-1.401E-1	-9.796E-2	-5.493E-2
3.079E+2	-2.255E-1	-1.431E-1	-9.705E-2	-5.585E-2
3.080E+2	-2.271E-1	-1.410E-1	-9.949E-2	-5.249E-2
3.080E+2	-2.216E-1	-1.395E-1	-9.491E-2	-5.188E-2
3.080E+2	-2.234E-1	-1.413E-1	-9.644E-2	-5.707E-2
3.080E+2	-2.295E-1	-1.450E-1	-9.796E-2	-5.371E-2
3.080E+2	-2.289E-1	-1.416E-1	-9.674E-2	-5.737E-2
